att1,att2,att3,att4,att5,att6,att7,att8,att9,att10,att11,att12,att13,att14,att15,att16,att17,att18,att19,att20,class
0.721164,1.41469,0.595704,1.65423,0.425302,1.47993,0.637627,1.57656,0.51902,1.61824,0.570047,1.37086,0.556397,1.5193,0.714116,1.56839,0.323893,1.54762,0.39486,1.39646,1
0.0988339,1.54346,0.428308,1.72748,0.383355,1.51494,0.399217,1.30243,0.628167,1.53334,0.64844,1.69473,0.38349,1.62999,0.715733,1.61851,0.729184,1.64867,0.449476,1.44891,1
0.219786,1.02878,0.61885,1.21304,0.397416,1.41297,0.375323,1.5544,0.525391,1.34158,0.396333,1.31738,0.602357,1.53918,0.554375,1.54147,0.464803,1.43063,0.470263,1.45533,1
0.75156,1.75272,0.348985,1.31564,0.602056,1.46084,0.525268,1.69042,0.755015,1.65091,0.497369,1.40758,0.303969,1.32242,0.436878,1.46849,0.523264,1.55779,0.509186,1.49526,1
0.734655,1.94208,0.299319,1.39628,0.333357,1.54707,0.449347,1.43156,0.327378,1.58892,0.248142,1.51479,0.314157,1.38323,0.387321,1.35602,0.610702,1.4455,0.338072,1.45579,1
0.662683,1.00586,0.607181,1.72324,0.441856,1.30284,0.548795,1.6538,0.406029,1.38741,0.417336,1.40332,0.669261,1.58466,0.35436,1.62332,0.308031,1.45384,0.60847,1.49526,1
0.317844,1.91682,0.491086,1.61887,0.5996,1.44374,0.633112,1.5916,0.65602,1.50323,0.445326,1.51517,0.425668,1.74079,0.406042,1.37633,0.230129,1.35915,0.401568,1.47795,1
0.202718,1.95722,0.371117,1.38523,0.618633,1.67952,0.407388,1.32173,0.625515,1.68259,0.663787,1.72283,0.544459,1.57267,0.427334,1.34889,0.415474,1.64863,0.402705,1.41399,1
0.304483,1.94683,0.673727,1.4109,0.637812,1.48102,0.640369,1.50131,0.498828,1.46778,0.490847,1.4546,0.464056,1.25101,0.352317,1.3679,0.353492,1.59045,0.18499,1.34101,1
0.812469,1.29012,0.447314,1.42861,0.534567,1.61347,0.356901,1.36392,0.430514,1.50005,0.448106,1.31358,0.735562,1.4856,0.729566,1.6785,0.452685,1.55105,0.457005,1.28868,1
0.320879,1.94731,0.35293,1.43331,0.577396,1.74224,0.741691,1.61722,0.597425,1.4605,0.337687,1.3501,0.651322,1.70048,0.519398,1.55602,0.764388,1.46706,0.411071,1.35528,1
0.501332,1.44375,0.561389,1.49997,0.578571,1.52985,0.638313,1.68369,0.420678,1.5593,0.684385,1.64132,0.62668,1.55592,0.224103,1.31798,0.313797,1.5647,0.46001,1.35589,0
0.786809,1.41374,0.574931,1.77821,0.731908,1.51493,0.607425,1.46966,0.308954,1.27209,0.750241,1.47234,0.691146,1.66819,0.411636,1.55295,0.187523,1.30905,0.400988,1.32577,1
0.978477,1.93633,0.488188,1.54392,0.650771,1.6991,0.608284,1.57668,0.635282,1.69509,0.409153,1.21076,0.643381,1.6517,0.320245,1.37985,0.318442,1.41097,0.425599,1.49699,1
0.0865739,1.38676,0.290064,1.45411,0.389377,1.15543,0.676825,1.65156,0.470136,1.40597,0.352997,1.39174,0.532984,1.6072,0.469683,1.50629,0.623635,1.62233,0.719681,1.60239,1
0.14083,1.76596,0.181851,1.35095,0.425374,1.63698,0.442767,1.56424,0.540891,1.63525,0.61229,1.53966,0.554366,1.37007,0.637509,1.47692,0.72283,1.68903,0.544412,1.47243,1
0.662758,1.24696,0.626193,1.50854,0.605742,1.45196,0.32157,1.32089,0.41763,1.25304,0.44648,1.34253,0.469586,1.49685,0.57885,1.73529,0.306696,1.28849,0.39593,1.2282,1
0.659868,1.56716,0.359598,1.29431,0.62042,1.50895,0.60261,1.40493,0.366175,1.52806,0.626032,1.55189,0.234069,1.53626,0.282971,1.29272,0.633354,1.67809,0.33348,1.50566,1
0.407402,1.93264,0.615864,1.7209,0.339491,1.51048,0.286765,1.45453,0.186284,1.29225,0.714173,1.53123,0.44397,1.29111,0.734949,1.59091,0.323922,1.52128,0.645346,1.65801,1
0.478982,1.44865,0.600584,1.70903,0.541732,1.26784,0.652562,1.6656,0.492909,1.54653,0.297675,1.55744,0.626083,1.56628,0.683746,1.60971,0.64532,1.58936,0.453673,1.41448,0
0.316638,1.19977,0.340114,1.28846,0.341559,1.35129,0.596456,1.6707,0.595229,1.65636,0.403604,1.34063,0.583974,1.58856,0.435287,1.11529,0.638917,1.57562,0.509708,1.34315,1
0.111863,1.79364,0.306963,1.44696,0.486375,1.28852,0.573989,1.59071,0.386026,1.34173,0.550855,1.49339,0.72029,1.57988,0.198331,1.60276,0.236847,1.55309,0.630617,1.53249,1
0.179847,1.69757,0.380327,1.32667,0.821645,1.74501,0.666129,1.52475,0.28525,1.53869,0.580854,1.55269,0.54664,1.71868,0.571537,1.69259,0.748006,1.50897,0.530576,1.40862,1
0.89349,1.98854,0.277456,1.46837,0.701276,1.59001,0.724934,1.57336,0.345621,1.33015,0.426327,1.51329,0.621285,1.64206,0.547973,1.6198,0.50124,1.40392,0.421691,1.16166,1
0.113596,1.09663,0.210714,1.41937,0.485312,1.54223,0.441686,1.55247,0.378984,1.32424,0.513129,1.52622,0.18493,1.38514,0.398126,1.30454,0.3619,1.47163,0.395671,1.597,1
0.973823,1.19571,0.534228,1.77442,0.715496,1.5946,0.685097,1.86787,0.812844,1.44059,0.298321,1.37242,0.328686,1.4329,0.555203,1.554,0.208253,1.26665,0.405632,1.49285,1
0.405309,1.58405,0.45417,1.4551,0.468268,1.32853,0.5865,1.62967,0.731537,1.63624,0.757356,1.50234,0.481038,1.68177,0.313013,1.46867,0.47868,1.31742,0.55508,1.63385,1
0.286789,1.68228,0.472064,1.52324,0.508797,1.26372,0.29484,1.59965,0.746297,1.67434,0.611868,1.65728,0.73139,1.68557,0.348279,1.48082,0.519908,1.63758,0.550051,1.68072,1
0.419473,1.51406,0.561891,1.46414,0.316987,1.56857,0.491817,1.56883,0.670861,1.77271,0.560816,1.61022,0.516605,1.41127,0.558788,1.44398,0.557104,1.55313,0.732125,1.5702,0
0.879535,1.45519,0.378855,1.40288,0.202472,1.35441,0.468107,1.26962,0.578489,1.61278,0.460493,1.5344,0.529789,1.57457,0.502553,1.72732,0.463328,1.34912,0.482497,1.72741,1
0.439996,1.31515,0.482618,1.61908,0.271542,1.34588,0.106986,1.4913,0.641795,1.81356,0.592473,1.55554,0.334074,1.25463,0.359231,1.3807,0.396121,1.46232,0.429182,1.67848,1
0.61575,1.06611,0.230642,1.62145,0.645049,1.50607,0.284272,1.55861,0.379412,1.35836,0.217681,1.58564,0.707999,1.59823,0.513604,1.42963,0.584879,1.35979,0.732991,1.59533,1
0.380092,1.57413,0.397125,1.40716,0.557568,1.60472,0.385331,1.42188,0.452777,1.57106,0.233203,1.3732,0.36531,1.28588,0.306354,1.38718,0.478281,1.68552,0.653306,1.69506,1
0.527285,1.35132,0.359806,1.38697,0.643071,1.74647,0.364,1.44966,0.4467,1.75775,0.464251,1.7301,0.657584,1.59214,0.301121,1.2863,0.371265,1.36357,0.321832,1.27211,0
0.799637,1.23118,0.207589,1.38744,0.536371,1.50471,0.682794,1.60899,0.687658,1.65839,0.302603,1.30835,0.581502,1.69036,0.540747,1.45588,0.503042,1.59702,0.601174,1.70484,1
0.296514,1.22719,0.407194,1.48799,0.680855,1.71952,0.397961,1.31246,0.546194,1.63374,0.542493,1.52364,0.688532,1.40814,0.322218,1.67764,0.171758,1.38111,0.445669,1.52957,1
0.90253,1.67036,0.250711,1.47564,0.426161,1.47217,0.705258,1.57706,0.380415,1.39124,0.382848,1.3253,0.69856,1.63086,0.768693,1.54651,0.520039,1.44451,0.69187,1.52292,1
0.0753839,1.98846,0.709839,1.51589,0.678156,1.79318,0.536053,1.4284,0.486197,1.36453,0.757571,1.6048,0.428066,1.55465,0.357511,1.37942,0.565493,1.62755,0.67154,1.58176,1
0.448585,1.62674,0.410681,1.45606,0.615185,1.62988,0.419138,1.24505,0.416922,1.4041,0.361127,1.32337,0.385478,1.46694,0.713732,1.50077,0.688035,1.69285,0.46871,1.51947,0
0.313183,1.3153,0.675174,1.73317,0.749888,1.54999,0.604447,1.6786,0.390394,1.43085,0.404969,1.41997,0.526452,1.47588,0.492123,1.4897,0.584269,1.60074,0.421461,1.60047,1
0.340903,1.71523,0.444453,1.19307,0.655065,1.72354,0.484051,1.51488,0.577241,1.44121,0.667225,1.61235,0.460787,1.32029,0.606288,1.50641,0.443196,1.41983,0.577533,1.63124,1
0.356898,1.49208,0.384465,1.49758,0.308043,1.26471,0.683319,1.57701,0.542503,1.54231,0.41896,1.54239,0.693787,1.55579,0.562276,1.64037,0.561213,1.58885,0.576122,1.49377,0
0.684732,1.87534,0.499072,1.49781,0.688252,1.78235,0.543433,1.47361,0.390244,1.51603,0.8197,1.67915,0.64342,1.59026,0.634302,1.64812,0.567617,1.50848,0.320567,1.55939,1
0.938535,1.73242,0.448671,1.54205,0.634037,1.6451,0.294379,1.53653,0.536827,1.49559,0.421953,1.68098,0.327869,1.33538,0.435767,1.41304,0.377429,1.44529,0.71186,1.74259,1
0.560034,1.00149,0.574973,1.37177,0.533062,1.6906,0.30922,1.31233,0.374878,1.45836,0.479868,1.66023,0.28815,1.39877,0.311041,1.29861,0.292447,1.41254,0.368647,1.29892,1
0.529239,1.96143,0.437858,1.36697,0.117023,1.50321,0.613009,1.72577,0.430402,1.44552,0.72117,1.503,0.595508,1.26974,0.242498,1.32478,0.543243,1.28041,0.313961,1.37098,1
0.852011,1.17292,0.427698,1.37107,0.327351,1.41723,0.528197,1.452,0.342064,1.43682,0.728692,1.50978,0.741245,1.6157,0.344635,1.51386,0.593753,1.66941,0.65987,1.61047,1
0.588758,1.59499,0.215426,1.49746,0.477164,1.36919,0.428004,1.32347,0.4071,1.40983,0.642568,1.59714,0.37258,1.62675,0.550664,1.73373,0.70405,1.56621,0.43696,1.51888,0
0.430738,1.3724,0.444557,1.3476,0.470966,1.65749,0.67083,1.56369,0.437169,1.50501,0.582154,1.58825,0.60897,1.67964,0.493828,1.26628,0.164434,1.30984,0.53128,1.62622,1
0.645815,1.45868,0.445607,1.39883,0.631763,1.64504,0.426508,1.32585,0.623916,1.54689,0.66986,1.64338,0.527529,1.28294,0.483917,1.29203,0.610483,1.5423,0.316117,1.38843,1
0.743108,1.13477,0.234649,1.25995,0.536972,1.42854,0.418676,1.23537,0.611308,1.67756,0.80142,1.49954,0.759194,1.5836,0.278627,1.48019,0.539162,1.49086,0.638434,1.64006,1
0.516526,1.63517,0.577054,1.71882,0.463011,1.28087,0.30979,1.47917,0.357627,1.56208,0.576863,1.57514,0.353655,1.36449,0.521498,1.39379,0.570709,1.46567,0.354694,1.41769,0
0.304354,1.19405,0.507536,1.5304,0.295531,1.25778,0.496427,1.65705,0.554198,1.37704,0.377533,1.54507,0.415524,1.39495,0.714959,1.69975,0.567576,1.46856,0.696461,1.62521,1
0.319792,1.71881,0.449684,1.28748,0.487611,1.60772,0.84688,1.72777,0.712561,1.68473,0.329159,1.43128,0.360816,1.30172,0.375386,1.19388,0.485195,1.60982,0.34272,1.58718,1
0.789767,1.5805,0.544946,1.58109,0.660577,1.68323,0.65075,1.51683,0.658668,1.53779,0.434232,1.46881,0.408912,1.29654,0.304445,1.33304,0.514216,1.6284,0.656963,1.69482,1
0.244486,1.73614,0.428317,1.22588,0.351687,1.45792,0.586511,1.48498,0.572725,1.72646,0.625194,1.66724,0.486211,1.62335,0.8134,1.66467,0.431679,1.41073,0.271728,1.36086,1
0.542627,1.30137,0.443903,1.70892,0.336097,1.36974,0.329089,1.4474,0.556042,1.61368,0.574927,1.49394,0.292682,1.48265,0.541775,1.76573,0.243245,1.35753,0.636988,1.54598,1
0.52301,1.21788,0.631189,1.72953,0.646229,1.52905,0.625908,1.45895,0.450954,1.52091,0.466358,1.50511,0.723158,1.68314,0.577599,1.62105,0.737019,1.41114,0.283616,1.39353,1
0.622582,1.25719,0.356867,1.28543,0.461973,1.64685,0.516455,1.53124,0.420878,1.23966,0.355837,1.3554,0.555366,1.44114,0.481957,1.21972,0.694487,1.69324,0.764662,1.65311,1
0.943852,1.5077,0.400123,1.4256,0.731956,1.61967,0.77207,1.55006,0.533975,1.54155,0.344914,1.22401,0.514531,1.50746,0.532051,1.60158,0.172601,1.08504,0.556516,1.56587,1
0.557265,1.09477,0.481207,1.59526,0.609942,1.71224,0.414175,1.63321,0.331554,1.44785,0.330584,1.41928,0.246652,1.3967,0.307523,1.45255,0.457494,1.56496,0.426128,1.79822,1
0.81323,1.45523,0.681747,1.57215,0.675985,1.69763,0.678249,1.5983,0.639499,1.40475,0.683299,1.49239,0.744066,1.59876,0.253845,1.42342,0.326359,1.54324,0.317443,1.18888,1
0.857187,1.74064,0.282548,1.56216,0.290894,1.58233,0.518993,1.56949,0.858846,1.64725,0.553586,1.81846,0.330061,1.26114,0.50203,1.33643,0.481611,1.43726,0.248226,1.25036,1
0.00359094,1.26197,0.538357,1.52747,0.450611,1.63598,0.785033,1.55969,0.55655,1.61124,0.669852,1.51681,0.547722,1.32747,0.554468,1.60093,0.596414,1.6694,0.483814,1.74282,1
0.537728,1.41144,0.31101,1.4616,0.648724,1.59307,0.495027,1.4671,0.313577,1.52765,0.313784,1.26593,0.423548,1.60195,0.407493,1.56103,0.332176,1.45961,0.579044,1.65715,1
0.375049,1.48296,0.557569,1.64971,0.324293,1.35054,0.484597,1.65886,0.621514,1.65425,0.602092,1.60574,0.26158,1.43415,0.66516,1.46212,0.621422,1.65604,0.598632,1.53705,1
0.902705,1.73047,0.440115,1.27886,0.438704,1.5993,0.604412,1.53833,0.519514,1.64948,0.632075,1.79021,0.229569,1.37698,0.76394,1.61094,0.655588,1.54473,0.559386,1.73336,1
0.525115,1.41588,0.633584,1.82038,0.479209,1.66583,0.559396,1.6827,0.582092,1.43188,0.634842,1.65505,0.456436,1.54581,0.385471,1.48673,0.618326,1.67644,0.648923,1.66815,1
0.393101,1.52927,0.479936,1.79036,0.531492,1.67665,0.446436,1.65271,0.548232,1.27869,0.462302,1.49907,0.250454,1.54872,0.399325,1.51176,0.489904,1.72728,0.600245,1.47765,0
0.583514,1.5117,0.378114,1.37582,0.31303,1.29911,0.376024,1.42344,0.458007,1.29915,0.646176,1.51327,0.75845,1.54938,0.505109,1.7442,0.412726,1.623,0.507236,1.50684,1
0.632283,1.85383,0.50502,1.47932,0.513405,1.57127,0.682238,1.78172,0.494517,1.67868,0.587651,1.7278,0.616616,1.63765,0.512237,1.47465,0.707011,1.39503,0.680708,1.48054,1
0.498327,1.34752,0.193146,1.44755,0.437915,1.34824,0.55939,1.50583,0.675217,1.65789,0.641038,1.61672,0.469703,1.33438,0.616036,1.58633,0.602112,1.55026,0.474389,1.2898,0
0.102357,1.36993,0.679864,1.48645,0.71285,1.4953,0.582747,1.54306,0.414684,1.26019,0.462202,1.40418,0.31251,1.4796,0.526068,1.41892,0.608519,1.51965,0.490014,1.67664,1
0.440629,1.43971,0.508317,1.38096,0.432202,1.31281,0.625153,1.64609,0.533567,1.13925,0.457675,1.48471,0.721338,1.59381,0.722248,1.65189,0.49626,1.71944,0.342758,1.45276,0
0.532511,1.44884,0.597129,1.64712,0.582683,1.45074,0.352374,1.37056,0.408974,1.25201,0.451947,1.46641,0.102089,1.47339,0.389074,1.40201,0.515249,1.57312,0.749779,1.61854,0
0.093092,1.31201,0.484884,1.43288,0.565021,1.8687,0.500692,1.57366,0.750885,1.7025,0.371042,1.3434,0.514848,1.45027,0.328638,1.25305,0.487042,1.25989,0.670667,1.31287,1
0.562268,1.87074,0.705688,1.68377,0.628665,1.50475,0.459883,1.46986,0.600241,1.47086,0.503812,1.60864,0.519166,1.50251,0.54985,1.52942,0.418736,1.37644,0.650259,1.8052,1
0.906987,1.20116,0.525566,1.31969,0.692478,1.55176,0.513138,1.39236,0.696244,1.58073,0.659892,1.64399,0.346292,1.32435,0.734327,1.59744,0.364855,1.38478,0.476904,1.65906,1
0.997315,1.05039,0.469649,1.33986,0.388046,1.44035,0.285406,1.40078,0.403239,1.6052,0.429001,1.41084,0.432401,1.44565,0.391935,1.70868,0.453451,1.48721,0.709306,1.46994,1
0.504936,1.54208,0.517662,1.62585,0.70406,1.55379,0.412489,1.32764,0.624335,1.40891,0.499461,1.58831,0.521089,1.72712,0.409706,1.40206,0.702369,1.65681,0.277668,1.51695,1
0.0186816,1.53682,0.669883,1.56609,0.53191,1.74744,0.727477,1.43662,0.414076,1.38775,0.572514,1.62327,0.760886,1.8164,0.36251,1.40441,0.358635,1.54184,0.740645,1.78291,1
0.320026,1.26647,0.593541,1.65238,0.190505,1.51584,0.566941,1.36959,0.594725,1.62451,0.264324,1.37957,0.596586,1.65167,0.393497,1.61835,0.610465,1.56551,0.578946,1.62748,1
0.649622,1.45021,0.252557,1.31679,0.521954,1.66561,0.764368,1.64252,0.519636,1.48117,0.666134,1.53275,0.479017,1.40259,0.731592,1.51609,0.666747,1.64326,0.417741,1.15587,1
0.361733,1.92362,0.250251,1.54555,0.538899,1.64332,0.430563,1.35952,0.527204,1.66266,0.633226,1.37257,0.542708,1.34032,0.426909,1.55081,0.289438,1.41646,0.39488,1.23773,1
0.0190068,1.62756,0.363497,1.4656,0.151162,1.53291,0.64654,1.46813,0.561754,1.37987,0.480644,1.61576,0.376619,1.5384,0.343513,1.12473,0.53166,1.68444,0.30275,1.47394,1
0.402903,1.36534,0.605389,1.59344,0.242056,1.42584,0.433243,1.26421,0.355289,1.09196,0.411539,1.46202,0.676582,1.63625,0.42184,1.42891,0.350363,1.50387,0.514035,1.55599,1
0.521332,1.80304,0.542394,1.57384,0.328321,1.38204,0.500727,1.56485,0.549298,1.59307,0.510407,1.18635,0.692246,1.56739,0.471615,1.44281,0.465187,1.67004,0.158816,1.43547,1
0.0807486,1.34813,0.57012,1.58977,0.643869,1.33304,0.492862,1.78156,0.57399,1.65015,0.412845,1.55307,0.500374,1.74635,0.681911,1.53961,0.340419,1.33217,0.752,1.59041,1
0.708843,1.6758,0.731427,1.64024,0.607089,1.4596,0.402344,1.5218,0.567373,1.42844,0.460199,1.59287,0.329877,1.36188,0.392138,1.42324,0.597679,1.78807,0.510363,1.72775,1
0.985239,1.18788,0.728751,1.46547,0.352069,1.32359,0.515661,1.40289,0.513376,1.54829,0.673722,1.59211,0.402734,1.41383,0.239678,1.69055,0.757576,1.54041,0.525628,1.62674,1
0.865424,1.43336,0.680713,1.62865,0.488475,1.52717,0.37821,1.32485,0.534649,1.12375,0.38389,1.60721,0.330324,1.47606,0.593292,1.75292,0.470853,1.62153,0.550691,1.6285,1
0.330028,1.81007,0.215386,1.39528,0.241439,1.37838,0.456579,1.22344,0.392444,1.24752,0.706044,1.60103,0.393894,1.40665,0.638298,1.75818,0.66327,1.5312,0.625979,1.59589,1
0.212853,1.10012,0.251358,1.49036,0.612086,1.61425,0.677901,1.68855,0.452724,1.34632,0.332279,1.29086,0.403457,1.46266,0.359805,1.51514,0.47247,1.48527,0.315185,1.29108,1
0.378522,1.27335,0.525887,1.45083,0.426438,1.54985,0.302856,1.34608,0.509839,1.23886,0.368964,1.48149,0.406579,1.43712,0.500688,1.4961,0.398772,1.54072,0.490331,1.5189,1
0.318267,1.84631,0.681284,1.7337,0.662627,1.60975,0.565543,1.62044,0.291055,1.52612,0.686907,1.58456,0.553303,1.45979,0.530849,1.46554,0.470458,1.47742,0.536933,1.50353,1
0.450029,1.68431,0.672698,1.70153,0.670644,1.58669,0.483625,1.65245,0.405487,1.45897,0.6118,1.75332,0.593877,1.40909,0.318091,1.46017,0.787957,1.58982,0.509485,1.32476,1
0.914012,1.6488,0.652844,1.72049,0.636497,1.69711,0.758365,1.45994,0.710631,1.58006,0.624901,1.52761,0.647103,1.56805,0.545137,1.41503,0.304488,1.64821,0.410285,1.49825,1
0.525263,1.52789,0.662561,1.59882,0.709105,1.57983,0.343323,1.31876,0.43248,1.64602,0.757108,1.64565,0.37119,1.45185,0.654256,1.63609,0.49843,1.33228,0.563284,1.55219,0
0.209286,1.811,0.570146,1.525,0.573798,1.35247,0.482256,1.41854,0.497377,1.85154,0.426545,1.46403,0.684947,1.61686,0.430422,1.63482,0.41108,1.3661,0.324477,1.56715,1
0.160165,1.8902,0.244131,1.22583,0.525389,1.58562,0.411724,1.39471,0.673088,1.65892,0.46891,1.55798,0.63281,1.41082,0.311348,1.31448,0.7866,1.65967,0.568394,1.32787,1
0.948753,1.07697,0.658853,1.60013,0.606587,1.61878,0.492796,1.77122,0.405027,1.53777,0.598935,1.43056,0.645322,1.69747,0.613515,1.45669,0.398927,1.31813,0.346276,1.20758,1
0.996521,1.99783,0.378497,1.63974,0.35159,1.35943,0.178641,1.4877,0.468392,1.50423,0.634507,1.63277,0.338106,1.47106,0.556136,1.40587,0.451856,1.59178,0.667011,1.53569,1
0.0441551,1.99258,0.482028,1.58159,0.689631,1.3999,0.404498,1.30339,0.630085,1.59432,0.518499,1.53585,0.596982,1.45916,0.638567,1.46822,0.779105,1.6,0.363442,1.39691,1
0.255377,1.74464,0.328411,1.37729,0.406133,1.30233,0.426448,1.54937,0.223083,1.29886,0.591535,1.56835,0.643291,1.53187,0.403794,1.60192,0.521807,1.53274,0.36328,1.49592,1
0.435028,1.58884,0.552577,1.47911,0.483225,1.39752,0.617701,1.82675,0.388543,1.27374,0.465252,1.62457,0.733862,1.63088,0.500099,1.31548,0.472999,1.57175,0.663968,1.62478,0
0.490009,1.50802,0.608733,1.62761,0.589942,1.61668,0.473775,1.38912,0.201731,1.51842,0.654494,1.7283,0.44635,1.34745,0.693326,1.66708,0.380034,1.35407,0.443766,1.31001,0
0.744042,1.89718,0.431722,1.60798,0.458127,1.44568,0.485387,1.58562,0.544327,1.55245,0.298614,1.37101,0.455514,1.52031,0.378512,1.54154,0.362186,1.41638,0.478809,1.80483,1
0.590491,1.4135,0.609571,1.5435,0.59816,1.63916,0.66055,1.64281,0.411498,1.2327,0.402654,1.27999,0.510771,1.39749,0.542016,1.57797,0.314759,1.52662,0.465844,1.51346,1
0.93011,1.2934,0.537078,1.28671,0.315921,1.38682,0.648944,1.61029,0.511947,1.51267,0.333625,1.42274,0.231773,1.37258,0.462854,1.30053,0.494027,1.54333,0.34313,1.54843,1
0.493241,1.15328,0.430159,1.47129,0.454171,1.3239,0.700584,1.52055,0.460889,1.42662,0.36443,1.28945,0.505732,1.44389,0.606488,1.52025,0.518105,1.54321,0.633677,1.61963,1
0.427493,1.86231,0.375076,1.40104,0.457783,1.54836,0.286829,1.41456,0.578676,1.69627,0.575532,1.60441,0.690085,1.67861,0.691049,1.5151,0.436021,1.27065,0.777119,1.60006,1
0.557247,1.47281,0.573745,1.65666,0.606505,1.7335,0.542994,1.28856,0.403835,1.38755,0.72993,1.59984,0.768538,1.60744,0.365398,1.4619,0.630288,1.50601,0.470893,1.54989,1
0.0618036,1.3026,0.795872,1.52161,0.486947,1.55867,0.267557,1.51791,0.584491,1.64178,0.510127,1.64487,0.434869,1.45262,0.647024,1.48284,0.554774,1.74964,0.508249,1.57841,1
0.413543,1.4566,0.383821,1.47907,0.304683,1.5904,0.569388,1.62741,0.355512,1.47011,0.306797,1.2206,0.597655,1.46345,0.575727,1.48583,0.26563,1.4125,0.654239,1.67544,1
0.979681,1.40019,0.587401,1.55465,0.380103,1.51299,0.796614,1.69772,0.251611,1.28547,0.699806,1.64318,0.322667,1.40165,0.669003,1.57836,0.376778,1.47481,0.484972,1.17908,1
0.970938,1.17639,0.506599,1.25457,0.392909,1.36519,0.559209,1.52082,0.312154,1.2073,0.38785,1.66247,0.750104,1.52184,0.529972,1.34757,0.38676,1.39263,0.32392,1.50447,1
0.561607,1.55665,0.650075,1.55451,0.553841,1.73996,0.648446,1.45018,0.738562,1.66666,0.625929,1.62022,0.393943,1.31553,0.564675,1.5581,0.421288,1.32984,0.577812,1.63462,1
0.759102,1.83426,0.458483,1.28695,0.410028,1.4481,0.38366,1.40153,0.437074,1.32901,0.491489,1.30325,0.536978,1.68294,0.340269,1.47918,0.593222,1.58946,0.354624,1.47798,1
0.800256,1.42127,0.508867,1.52523,0.408007,1.24814,0.492293,1.62877,0.584708,1.62436,0.720196,1.41057,0.430363,1.37847,0.326717,1.28781,0.611997,1.6538,0.425224,1.30007,1
0.0515876,1.33933,0.724967,1.38579,0.558694,1.39673,0.645294,1.72429,0.562027,1.29345,0.412743,1.50585,0.402587,1.39271,0.37288,1.42943,0.535783,1.37598,0.236866,1.44764,1
0.381255,1.32946,0.547014,1.59603,0.477825,1.30286,0.457223,1.54105,0.318299,1.32989,0.604175,1.75051,0.43581,1.46861,0.446367,1.28697,0.368171,1.5559,0.671605,1.57587,1
0.571717,1.0118,0.518118,1.591,0.595008,1.73543,0.413736,1.40962,0.57571,1.31719,0.386841,1.17455,0.607517,1.5895,0.477408,1.24959,0.549612,1.68328,0.613339,1.54963,1
0.533373,1.58508,0.545358,1.67316,0.50494,1.39838,0.5671,1.68589,0.50491,1.52779,0.594027,1.60973,0.901303,1.53568,0.632403,1.59126,0.399003,1.57425,0.396157,1.49575,1
0.456716,1.91251,0.325514,1.45842,0.615053,1.42401,0.555026,1.63496,0.450559,1.41106,0.547276,1.33497,0.510368,1.24928,0.522515,1.61693,0.321777,1.33479,0.137661,1.56783,1
0.565183,1.39336,0.567369,1.42429,0.225243,1.43429,0.41403,1.41892,0.578295,1.55119,0.351942,1.39079,0.349006,1.25168,0.4961,1.44914,0.633392,1.70152,0.654452,1.45946,0
0.350693,1.32694,0.656563,1.63691,0.525961,1.52403,0.493058,1.60003,0.452529,1.45579,0.459964,1.19501,0.398919,1.53851,0.834637,1.50321,0.561604,1.76539,0.518546,1.47013,1
0.0364162,1.29483,0.38612,1.35635,0.513186,1.2931,0.688754,1.71813,0.409721,1.28517,0.316639,1.41243,0.481443,1.6132,0.52533,1.59919,0.471521,1.61636,0.547578,1.45277,1
0.325445,1.05962,0.59536,1.59562,0.2911,1.34178,0.60439,1.55264,0.383137,1.3662,0.434623,1.36256,0.589789,1.69188,0.65834,1.59189,0.151938,1.44307,0.369195,1.52762,1
0.241949,1.59619,0.492888,1.44227,0.542784,1.33301,0.603765,1.59532,0.638473,1.55763,0.417644,1.38107,0.45608,1.53003,0.62139,1.57166,0.49131,1.78542,0.630867,1.44729,1
0.505135,1.11101,0.831878,1.5466,0.310928,1.28991,0.74012,1.67346,0.554754,1.57712,0.660089,1.67074,0.46256,1.23125,0.285917,1.22935,0.496966,1.40491,0.523439,1.33568,1
0.481882,1.41305,0.547236,1.68288,0.636649,1.66103,0.27213,1.32357,0.683071,1.55607,0.488336,1.3496,0.594727,1.57152,0.640527,1.63608,0.44307,1.52167,0.172274,1.33472,0
0.515883,1.3823,0.348161,1.40626,0.457125,1.53236,0.451721,1.46928,0.412883,1.48271,0.82656,1.73696,0.732853,1.69778,0.754959,1.62588,0.248898,1.29467,0.413599,1.28665,0
0.859745,1.28888,0.306876,1.34829,0.820427,1.65813,0.432745,1.57878,0.413984,1.41151,0.58211,1.40429,0.303165,1.38522,0.429703,1.27672,0.342055,1.43226,0.306625,1.43212,1
0.680212,1.30139,0.29871,1.35569,0.420178,1.21635,0.308503,1.53813,0.727244,1.45624,0.549821,1.49847,0.71819,1.56684,0.363129,1.43961,0.567422,1.60728,0.634841,1.72362,1
0.950485,1.82013,0.727475,1.57295,0.143514,1.59312,0.290463,1.41463,0.396738,1.43317,0.573105,1.55126,0.645886,1.69811,0.360496,1.30852,0.138557,1.40981,0.428031,1.35745,1
0.690324,1.79983,0.348375,1.44319,0.301113,1.56047,0.708661,1.42608,0.697923,1.64884,0.408342,1.47833,0.534451,1.6777,0.212387,1.34818,0.446439,1.55606,0.594436,1.48788,1
0.605757,1.57391,0.574127,1.61211,0.441788,1.43999,0.676705,1.51235,0.425906,1.54714,0.544437,1.47031,0.545094,1.37663,0.548669,1.50494,0.729231,1.60487,0.388378,1.41227,0
0.121503,1.74528,0.425022,1.39271,0.424106,1.31455,0.532407,1.27885,0.638715,1.62346,0.356074,1.49725,0.372177,1.42918,0.311726,1.19891,0.412639,1.35849,0.350866,1.37951,1
0.0854362,1.30941,0.375834,1.30897,0.473559,1.31858,0.604049,1.6514,0.541838,1.74242,0.332192,1.3049,0.75183,1.57503,0.352711,1.30051,0.278799,1.62288,0.678169,1.60589,1
0.483905,1.48266,0.350933,1.33196,0.562143,1.53568,0.509553,1.36602,0.317093,1.39124,0.486213,1.45417,0.332006,1.30121,0.668367,1.81612,0.447794,1.41448,0.496639,1.72471,0
0.196524,1.38976,0.647384,1.5856,0.374403,1.48686,0.266939,1.36204,0.480485,1.40862,0.525884,1.59044,0.374747,1.60968,0.608692,1.63751,0.549537,1.48666,0.359881,1.50477,1
0.605294,1.38859,0.41651,1.58259,0.476301,1.50342,0.541559,1.59127,0.537007,1.75042,0.636624,1.7527,0.375681,1.33609,0.230222,1.37816,0.632321,1.71339,0.667421,1.61487,0
0.735913,1.80789,0.392558,1.45948,0.348997,1.46167,0.621023,1.63653,0.536077,1.53537,0.69192,1.49948,0.465278,1.57745,0.509524,1.41546,0.37856,1.27833,0.286952,1.34246,1
0.236659,1.26325,0.528785,1.73327,0.409432,1.44181,0.338073,1.34842,0.52816,1.4102,0.58567,1.52261,0.436092,1.44188,0.663532,1.71528,0.516695,1.44182,0.553712,1.64739,1
0.0570639,1.22309,0.47569,1.51585,0.436942,1.26804,0.468053,1.30266,0.411925,1.20644,0.432745,1.36018,0.347882,1.64998,0.552872,1.59598,0.638356,1.58295,0.330597,1.50747,1
0.598335,1.3293,0.707977,1.43284,0.601126,1.66391,0.605846,1.63184,0.42508,1.49408,0.729899,1.48654,0.620777,1.57638,0.499194,1.30272,0.444123,1.30768,0.321332,1.32358,1
0.332654,1.59871,0.57088,1.64361,0.562578,1.52197,0.657434,1.73293,0.571323,1.33433,0.416462,1.39211,0.674964,1.4492,0.385844,1.72009,0.335736,1.52642,0.18707,1.44438,1
0.595239,1.41948,0.616139,1.60751,0.506619,1.39494,0.535489,1.65005,0.426009,1.57942,0.611206,1.4986,0.615128,1.50856,0.332079,1.33521,0.478274,1.46585,0.402691,1.50181,0
0.0916223,1.67376,0.73645,1.58675,0.543081,1.45075,0.392086,1.60416,0.488603,1.3711,0.64049,1.80496,0.466869,1.46594,0.518657,1.48022,0.353078,1.42382,0.652024,1.45238,1
0.261363,1.86323,0.569685,1.60084,0.498489,1.51867,0.543476,1.73167,0.629446,1.56702,0.436159,1.33672,0.75455,1.70351,0.600279,1.68988,0.612449,1.60885,0.494121,1.62443,1
0.479025,1.53737,0.526212,1.79517,0.398191,1.44516,0.695377,1.49791,0.503772,1.49608,0.679398,1.61947,0.451738,1.64834,0.534824,1.61388,0.647511,1.65732,0.414424,1.36682,0
0.113856,1.59727,0.805122,1.64543,0.478811,1.33325,0.670614,1.56699,0.41238,1.597,0.615755,1.57228,0.485822,1.64433,0.66273,1.62144,0.588241,1.56243,0.747194,1.68813,1
0.358535,1.87728,0.632258,1.56723,0.694123,1.59608,0.285314,1.31392,0.66596,1.69188,0.490551,1.29296,0.41888,1.29296,0.42179,1.49351,0.437106,1.47662,0.209826,1.36095,1
0.549336,1.54881,0.762473,1.51637,0.237019,1.35517,0.517883,1.76127,0.528662,1.57811,0.247657,1.54072,0.488069,1.43952,0.660988,1.4982,0.582756,1.70248,0.443277,1.64684,1
0.298494,1.04418,0.649929,1.56397,0.585002,1.52922,0.275682,1.50661,0.429809,1.53111,0.443652,1.28152,0.525268,1.5545,0.474065,1.68811,0.474715,1.43551,0.430902,1.4497,1
0.362244,1.20787,0.733688,1.4235,0.637762,1.59426,0.409876,1.50294,0.692618,1.49172,0.518045,1.67531,0.318047,1.38967,0.594205,1.56143,0.673577,1.56189,0.546716,1.48827,1
0.581773,1.34383,0.387105,1.41554,0.436612,1.36353,0.432261,1.30036,0.626857,1.63637,0.699008,1.52517,0.571292,1.21511,0.641217,1.54936,0.734186,1.5444,0.523124,1.64705,1
0.486046,1.48216,0.255852,1.43781,0.649747,1.50036,0.285344,1.38534,0.36063,1.48824,0.353416,1.33741,0.527795,1.5483,0.494189,1.60188,0.700946,1.54828,0.415344,1.3509,0
0.827389,1.81976,0.548078,1.69931,0.659762,1.63619,0.528192,1.68249,0.365845,1.52253,0.567328,1.5066,0.505331,1.45943,0.498536,1.53499,0.567732,1.57574,0.53219,1.59665,1
0.679279,1.04622,0.358235,1.28494,0.25048,1.53823,0.301525,1.64535,0.390437,1.34148,0.390094,1.28564,0.529196,1.3565,0.571024,1.66692,0.524635,1.59767,0.495839,1.49446,1
0.226941,1.64512,0.551208,1.62977,0.54095,1.24137,0.572444,1.63332,0.527249,1.51605,0.432398,1.50158,0.457771,1.24474,0.649224,1.42797,0.591639,1.41649,0.236232,1.34585,1
0.909252,1.75355,0.534444,1.38741,0.589531,1.73965,0.623225,1.43017,0.576821,1.36522,0.515507,1.60168,0.722872,1.63288,0.516025,1.81964,0.822306,1.5913,0.721251,1.66007,1
0.562856,1.41609,0.620654,1.59778,0.40728,1.80365,0.355142,1.48934,0.524549,1.415,0.754086,1.66944,0.627936,1.58167,0.520103,1.36203,0.573131,1.63025,0.57565,1.64017,1
0.684497,1.12936,0.267417,1.2774,0.32825,1.50956,0.684269,1.5663,0.241676,1.36617,0.690259,1.67103,0.626317,1.73043,0.437591,1.54483,0.608429,1.43809,0.439275,1.50329,1
0.431476,1.1013,0.378364,1.46903,0.523416,1.52124,0.417963,1.4383,0.58786,1.46711,0.490719,1.45067,0.54948,1.53935,0.602578,1.57426,0.47038,1.34722,0.479089,1.37635,1
0.121122,1.70472,0.716536,1.47102,0.407612,1.62283,0.661186,1.41191,0.683745,1.58019,0.617608,1.60487,0.518419,1.27009,0.76248,1.63374,0.77009,1.554,0.511037,1.56027,1
0.696456,1.80709,0.317277,1.30805,0.756778,1.54564,0.56679,1.496,0.708109,1.62789,0.540233,1.55972,0.433849,1.49934,0.384994,1.3773,0.402635,1.40913,0.577133,1.40094,1
0.383376,1.96899,0.742619,1.79424,0.398827,1.23898,0.515499,1.33323,0.440492,1.59938,0.646508,1.56944,0.472738,1.56914,0.521351,1.60341,0.623239,1.58984,0.750389,1.74752,1
0.880428,1.49111,0.44938,1.29744,0.365305,1.40923,0.560342,1.62781,0.569608,1.32326,0.712462,1.53375,0.500836,1.41275,0.42557,1.43734,0.73783,1.51508,0.296567,1.30197,1
0.744541,1.05527,0.555029,1.65961,0.437324,1.49361,0.372962,1.41207,0.295093,1.30877,0.598919,1.83573,0.697762,1.66768,0.241901,1.37891,0.408923,1.40187,0.29412,1.3484,1
0.00195071,1.35529,0.380376,1.37914,0.430303,1.27961,0.368187,1.38037,0.502937,1.73791,0.479672,1.51714,0.549036,1.61862,0.320096,1.58324,0.552253,1.58456,0.28745,1.29625,1
0.302471,1.90513,0.311068,1.53268,0.473445,1.49947,0.636057,1.68908,0.380181,1.44724,0.609282,1.55677,0.394768,1.62923,0.573855,1.41753,0.398659,1.33653,0.51507,1.51264,1
0.38357,1.04219,0.324191,1.40903,0.531112,1.59082,0.527408,1.49456,0.571399,1.6225,0.477366,1.51344,0.585382,1.57615,0.592157,1.43673,0.659321,1.61781,0.561222,1.47715,1
0.99071,1.58449,0.545055,1.68149,0.377507,1.3551,0.635021,1.60136,0.439567,1.3458,0.356981,1.63085,0.380666,1.5495,0.645783,1.67342,0.391851,1.37948,0.536102,1.61843,1
0.701434,1.84012,0.60717,1.55397,0.473285,1.65007,0.462741,1.38309,0.463237,1.23612,0.699711,1.60258,0.45467,1.63644,0.741197,1.77308,0.646832,1.60021,0.554756,1.26553,1
0.664187,1.20637,0.574235,1.71949,0.611623,1.59145,0.643044,1.3862,0.631013,1.72245,0.632343,1.66585,0.53263,1.50585,0.611184,1.55533,0.770745,1.6482,0.565689,1.60736,1
0.888309,1.0883,0.278112,1.37489,0.339338,1.4055,0.337233,1.29668,0.505479,1.4317,0.56276,1.49991,0.520589,1.576,0.619147,1.5154,0.466906,1.74688,0.409965,1.31956,1
0.339309,1.5831,0.178799,1.44479,0.467414,1.44686,0.44694,1.4138,0.484336,1.2882,0.37897,1.23124,0.354217,1.32336,0.593244,1.65098,0.717965,1.52818,0.51199,1.47249,1
0.100731,1.02272,0.414863,1.51167,0.602428,1.61506,0.407822,1.74951,0.580634,1.75678,0.509086,1.63867,0.540199,1.60879,0.398182,1.51576,0.532211,1.40312,0.289848,1.34282,1
0.945502,1.38892,0.577533,1.49987,0.702288,1.5652,0.474362,1.48945,0.528703,1.59401,0.533909,1.51594,0.622045,1.51483,0.330239,1.30249,0.596779,1.62301,0.336682,1.44737,1
0.0689378,1.61742,0.406039,1.52064,0.554785,1.42936,0.384603,1.4025,0.566381,1.56138,0.548793,1.41889,0.767347,1.52357,0.217844,1.2341,0.276033,1.38682,0.371028,1.49806,1
0.731073,1.88893,0.271946,1.55377,0.377046,1.45989,0.668306,1.5653,0.432809,1.29654,0.337513,1.44895,0.35104,1.34192,0.60487,1.63152,0.602157,1.61852,0.740618,1.56191,1
0.51147,1.45504,0.464428,1.383,0.277535,1.3281,0.231661,1.37614,0.313178,1.43975,0.209925,1.39567,0.318515,1.34628,0.376278,1.31813,0.436244,1.37925,0.57276,1.55696,1
0.49935,1.50823,0.617543,1.7382,0.692488,1.49964,0.622755,1.49546,0.163568,1.52655,0.461533,1.42517,0.438601,1.26028,0.358548,1.25197,0.596919,1.53596,0.553281,1.6251,0
0.973726,1.03132,0.347514,1.56616,0.561719,1.59588,0.399741,1.4854,0.455541,1.33669,0.379259,1.51563,0.363553,1.22409,0.267955,1.35342,0.562895,1.56301,0.528671,1.47727,1
0.849439,1.04811,0.61651,1.86735,0.602479,1.67545,0.492715,1.60424,0.768282,1.57551,0.37537,1.60541,0.701384,1.66746,0.636769,1.71287,0.373482,1.63184,0.403245,1.54203,1
0.421414,1.41185,0.273242,1.37666,0.306123,1.38967,0.528901,1.52762,0.532149,1.42349,0.571956,1.69064,0.264301,1.38788,0.766453,1.557,0.533683,1.38017,0.587088,1.68655,0
0.0766604,1.38844,0.642131,1.60597,0.538474,1.66842,0.597902,1.59162,0.482779,1.61943,0.286755,1.52602,0.249913,1.64248,0.519384,1.65417,0.568,1.6674,0.622358,1.65274,1
0.848648,1.45391,0.369123,1.34051,0.626146,1.64695,0.595219,1.75263,0.715318,1.61737,0.721017,1.59476,0.256109,1.43801,0.558862,1.52138,0.569389,1.33807,0.598111,1.78315,1
0.522313,1.15405,0.712341,1.71935,0.418697,1.24189,0.625455,1.59996,0.420163,1.43903,0.536652,1.58234,0.578538,1.49365,0.360969,1.35532,0.452609,1.39173,0.459527,1.378,1
0.635202,1.64212,0.356312,1.39175,0.280903,1.41592,0.69895,1.28009,0.678603,1.48742,0.377996,1.33981,0.413174,1.27044,0.258837,1.32016,0.34231,1.3382,0.494617,1.39262,1
0.12216,1.18942,0.394941,1.20353,0.306757,1.4535,0.657923,1.75816,0.370074,1.30451,0.544466,1.60232,0.571157,1.58101,0.455983,1.34045,0.429048,1.46692,0.668662,1.56971,1
0.767143,1.44377,0.715452,1.53462,0.555249,1.64455,0.50164,1.42936,0.379361,1.24731,0.542674,1.39137,0.263508,1.45405,0.604263,1.58873,0.52835,1.66346,0.655365,1.51401,1
0.568973,1.61377,0.413167,1.25919,0.59484,1.70967,0.26713,1.30915,0.486519,1.67641,0.29401,1.2501,0.584673,1.60586,0.384508,1.3887,0.831894,1.59835,0.482612,1.43583,0
0.626423,1.49814,0.524588,1.29615,0.590929,1.36452,0.597522,1.53868,0.677308,1.58605,0.501072,1.41893,0.55784,1.52432,0.430048,1.23068,0.724458,1.73354,0.528716,1.52785,0
0.871754,1.13973,0.37439,1.32703,0.555219,1.25531,0.589752,1.6388,0.505294,1.44126,0.571486,1.52685,0.418561,1.45348,0.623049,1.50369,0.488853,1.36128,0.530505,1.39814,1
0.609925,1.37812,0.457698,1.33742,0.623708,1.54073,0.344694,1.39784,0.353497,1.5249,0.284292,1.41795,0.622838,1.61278,0.593662,1.49315,0.697852,1.70656,0.50282,1.44271,1
0.106944,1.02285,0.65667,1.50745,0.586701,1.62292,0.432125,1.71839,0.434395,1.45471,0.709284,1.66161,0.355304,1.41151,0.676628,1.52919,0.490321,1.40372,0.473084,1.54208,1
0.505576,1.38118,0.503598,1.57191,0.657134,1.52058,0.412613,1.31865,0.38372,1.31557,0.389546,1.35981,0.74082,1.68654,0.741232,1.57403,0.574549,1.57761,0.316993,1.31709,1
0.591397,1.9843,0.586964,1.77721,0.341152,1.37794,0.70024,1.52703,0.786585,1.70408,0.722874,1.42792,0.360288,1.41645,0.673405,1.53701,0.358616,1.38581,0.293531,1.2535,1
0.0140879,1.08968,0.541826,1.39689,0.745188,1.62548,0.253075,1.36134,0.554198,1.5566,0.480611,1.28278,0.566619,1.55335,0.389578,1.48143,0.611949,1.52767,0.433904,1.22398,1
0.0723903,1.72818,0.655068,1.66898,0.54798,1.50157,0.387773,1.4567,0.377272,1.43164,0.660902,1.41149,0.525487,1.57133,0.364187,1.46998,0.540086,1.56797,0.493112,1.64882,1
0.229368,1.17159,0.372775,1.49337,0.349968,1.29326,0.700383,1.88983,0.440093,1.44322,0.34098,1.33931,0.393708,1.24495,0.3781,1.34856,0.499735,1.43587,0.505419,1.66865,1
0.658635,1.78406,0.469422,1.60375,0.366565,1.34505,0.55255,1.59054,0.461246,1.47171,0.670564,1.7246,0.57601,1.6601,0.551639,1.69315,0.487575,1.54557,0.349435,1.2702,1
0.882369,1.78866,0.496744,1.46272,0.593869,1.77481,0.574935,1.44426,0.785578,1.41908,0.612065,1.52521,0.449828,1.47511,0.602099,1.81978,0.613737,1.38892,0.580242,1.68687,1
0.960753,1.59655,0.605289,1.28635,0.58959,1.59009,0.445446,1.67965,0.693379,1.7138,0.547778,1.666,0.563065,1.49122,0.553878,1.65687,0.59097,1.80962,0.799859,1.67218,1
0.285181,1.97821,0.524789,1.5679,0.458168,1.4949,0.463582,1.60302,0.352131,1.49611,0.547265,1.55436,0.461448,1.43901,0.667178,1.43211,0.714337,1.65139,0.610212,1.4623,1
0.694595,1.04503,0.633497,1.61342,0.534097,1.38289,0.602173,1.4518,0.527792,1.50799,0.591703,1.40835,0.394574,1.40774,0.244749,1.31147,0.402149,1.22757,0.563907,1.83214,1
0.453328,1.41635,0.621432,1.67494,0.501031,1.69612,0.581782,1.61329,0.563379,1.28422,0.471956,1.40469,0.588653,1.5826,0.217697,1.35835,0.485804,1.50788,0.591015,1.71758,1
0.906418,1.09521,0.484351,1.47337,0.695253,1.43095,0.514022,1.63105,0.542806,1.55889,0.657902,1.74161,0.302541,1.34367,0.606247,1.46872,0.566899,1.76016,0.591282,1.39269,1
0.945352,1.4563,0.460641,1.62243,0.607378,1.71522,0.435729,1.19885,0.467328,1.63744,0.648333,1.68571,0.637834,1.44522,0.601695,1.72339,0.605526,1.48871,0.50704,1.50383,1
0.316126,1.37542,0.681448,1.6162,0.361645,1.36135,0.565005,1.70503,0.750011,1.74138,0.513285,1.45957,0.441277,1.52602,0.578623,1.5926,0.394452,1.19606,0.431836,1.43844,1
0.0445192,1.05694,0.372813,1.4842,0.292949,1.5234,0.448466,1.30505,0.539779,1.57859,0.62064,1.59646,0.468664,1.41801,0.52115,1.53563,0.581667,1.57834,0.330443,1.31176,1
0.704664,1.9004,0.727394,1.46128,0.285836,1.34453,0.605981,1.65087,0.385558,1.52295,0.479222,1.59466,0.748384,1.54003,0.647237,1.66077,0.46715,1.52814,0.526998,1.56754,1
0.681228,1.52354,0.617426,1.51631,0.4644,1.71634,0.551968,1.63289,0.614513,1.44733,0.451353,1.29283,0.367952,1.38859,0.280169,1.34303,0.465578,1.3386,0.280654,1.33759,1
0.729017,1.32945,0.591731,1.61075,0.470754,1.47964,0.713746,1.55641,0.649793,1.75088,0.436588,1.46928,0.388613,1.54699,0.758381,1.49904,0.35852,1.32297,0.406613,1.29411,1
0.687507,1.39195,0.782004,1.65789,0.736516,1.56595,0.682037,1.70648,0.595954,1.66363,0.392173,1.41805,0.764356,1.6204,0.417911,1.51348,0.586421,1.33818,0.454492,1.47416,1
0.120319,1.36064,0.331022,1.49771,0.367675,1.54798,0.571367,1.52059,0.667073,1.66362,0.597319,1.51544,0.680396,1.62614,0.62093,1.61769,0.431176,1.59063,0.440775,1.36378,1
0.230359,1.62994,0.526016,1.45298,0.580262,1.53521,0.454974,1.44893,0.729263,1.54991,0.593188,1.67099,0.355108,1.43729,0.701946,1.52393,0.514886,1.55574,0.300709,1.4316,1
0.714065,1.70863,0.543727,1.27174,0.617574,1.65959,0.715487,1.65403,0.424828,1.50911,0.522821,1.595,0.487134,1.4219,0.340207,1.34142,0.670511,1.71718,0.456761,1.37071,1
0.558049,1.78284,0.338113,1.49725,0.353504,1.44982,0.560374,1.55948,0.477076,1.50322,0.407999,1.40251,0.535249,1.79566,0.582783,1.634,0.536159,1.63934,0.786438,1.64454,1
0.564148,1.63828,0.199726,1.50053,0.573788,1.60805,0.607381,1.62165,0.393516,1.26678,0.411729,1.43753,0.372318,1.32664,0.557173,1.38118,0.679505,1.68075,0.623117,1.62222,1
0.547835,1.5482,0.581346,1.65173,0.737996,1.52106,0.440067,1.27398,0.478043,1.38535,0.372234,1.4156,0.546941,1.46277,0.326363,1.4048,0.528857,1.50074,0.733892,1.69185,0
0.169843,1.03225,0.544995,1.59462,0.534161,1.43922,0.576083,1.58954,0.695072,1.66315,0.194579,1.45078,0.596842,1.61038,0.327225,1.04074,0.718889,1.64831,0.455836,1.4367,1
0.341241,1.24164,0.351783,1.38778,0.276653,1.44275,0.379448,1.46137,0.493602,1.4865,0.444948,1.46172,0.428983,1.63749,0.416887,1.2481,0.260697,1.32064,0.49914,1.39751,1
0.319936,1.1426,0.463459,1.57277,0.523142,1.41886,0.448231,1.49916,0.322816,1.2096,0.527377,1.54708,0.661606,1.43205,0.571399,1.65783,0.673569,1.72907,0.576023,1.53576,1
0.712485,1.7526,0.740839,1.74834,0.421281,1.5458,0.472873,1.51769,0.602542,1.66663,0.626101,1.48719,0.418823,1.44712,0.439702,1.26869,0.424998,1.53526,0.384874,1.62921,1
0.129016,1.18578,0.724641,1.37515,0.588802,1.48867,0.3883,1.46758,0.446733,1.42691,0.370077,1.39751,0.509998,1.62988,0.511197,1.56243,0.770881,1.62872,0.680204,1.55752,1
0.270216,1.06731,0.44881,1.39948,0.521368,1.34406,0.699225,1.683,0.639589,1.55764,0.440521,1.36811,0.210039,1.31304,0.467155,1.45829,0.536088,1.53787,0.2685,1.44318,1
0.0726636,1.14108,0.591021,1.51913,0.229516,1.41891,0.364002,1.40095,0.428885,1.32908,0.42739,1.55246,0.717186,1.43614,0.555158,1.61893,0.39672,1.38564,0.60862,1.39129,1
0.0056844,1.73045,0.714043,1.62797,0.486503,1.28939,0.444124,1.19756,0.433267,1.50479,0.415318,1.36366,0.493189,1.3133,0.229857,1.40785,0.542909,1.66239,0.431444,1.37771,1
0.962012,1.22027,0.574052,1.48302,0.596583,1.72821,0.361785,1.33028,0.43557,1.59513,0.553064,1.52284,0.507933,1.34063,0.488923,1.69888,0.400688,1.27641,0.683127,1.56001,1
0.702936,1.24063,0.611477,1.59301,0.375787,1.33989,0.351967,1.54204,0.399436,1.45351,0.378157,1.69553,0.391043,1.54457,0.3007,1.45981,0.597789,1.46964,0.313527,1.3363,1
0.498688,1.41087,0.743448,1.75691,0.459606,1.69957,0.260309,1.42627,0.68256,1.72185,0.556906,1.5777,0.528688,1.40406,0.564793,1.33914,0.554668,1.65976,0.675156,1.53239,1
0.141788,1.88688,0.663378,1.64712,0.456066,1.64814,0.424537,1.32675,0.465654,1.66562,0.244176,1.48738,0.846907,1.54532,0.460479,1.6773,0.565565,1.7179,0.588282,1.8663,1
0.0921927,1.44942,0.559555,1.67508,0.591735,1.36987,0.338274,1.32151,0.52852,1.41727,0.714703,1.68976,0.541457,1.41629,0.613356,1.70193,0.253913,1.48805,0.765279,1.42256,1
0.242783,1.97822,0.639744,1.74398,0.314122,1.48901,0.363996,1.37603,0.473806,1.42293,0.619091,1.62064,0.473287,1.39156,0.668532,1.69556,0.462957,1.40214,0.588878,1.39969,1
0.62647,1.51883,0.703009,1.64306,0.377868,1.34611,0.307878,1.38627,0.366904,1.31541,0.75914,1.55012,0.525481,1.5838,0.656185,1.52236,0.475659,1.70175,0.41586,1.36737,0
0.759669,1.5624,0.398314,1.45294,0.557667,1.56869,0.713825,1.5457,0.53308,1.44844,0.417736,1.57156,0.709326,1.58274,0.329655,1.50574,0.220757,1.40622,0.358203,1.58185,1
0.695195,1.21181,0.567241,1.54212,0.660604,1.51708,0.458254,1.67754,0.576974,1.70996,0.58991,1.7295,0.583869,1.54576,0.360781,1.46214,0.605045,1.72432,0.599905,1.48262,1
0.283727,1.47056,0.558035,1.73182,0.496435,1.42496,0.330804,1.34073,0.432217,1.26057,0.341284,1.37131,0.598831,1.43972,0.700084,1.64132,0.289407,1.45245,0.536279,1.35459,1
0.0266,1.00592,0.532204,1.25366,0.656291,1.57729,0.475916,1.248,0.45474,1.48129,0.435014,1.6499,0.42555,1.30356,0.596776,1.48039,0.628185,1.67971,0.648187,1.74112,1
0.62252,1.63259,0.268429,1.28184,0.691568,1.46937,0.581574,1.6334,0.51738,1.43878,0.466933,1.33698,0.514909,1.20814,0.546562,1.60813,0.628137,1.47681,0.539929,1.41751,1
0.246347,1.53666,0.434704,1.62722,0.628584,1.70786,0.692124,1.50424,0.573624,1.60448,0.397132,1.36771,0.471832,1.6281,0.686915,1.45449,0.469767,1.4728,0.487715,1.33716,1
0.177194,1.94661,0.477172,1.42224,0.628057,1.40692,0.775538,1.53264,0.532208,1.58898,0.382016,1.40465,0.561516,1.77762,0.502905,1.63169,0.253874,1.43022,0.431311,1.64281,1
0.356803,1.17089,0.355978,1.30239,0.549047,1.59473,0.22974,1.42155,0.58405,1.5981,0.621597,1.60627,0.443952,1.27672,0.363056,1.47229,0.538161,1.37984,0.674519,1.63455,1
0.427727,1.45673,0.467049,1.75299,0.528869,1.41568,0.64716,1.83419,0.401736,1.35033,0.591503,1.66287,0.751035,1.6095,0.725841,1.62168,0.500259,1.54492,0.642558,1.59027,0
0.652558,1.86687,0.576408,1.6785,0.384742,1.48625,0.403736,1.43051,0.413333,1.57964,0.294972,1.40458,0.484447,1.35215,0.748003,1.55538,0.648012,1.40315,0.675698,1.54154,1
0.515526,1.95927,0.617456,1.63567,0.464311,1.18485,0.50314,1.58677,0.58159,1.70672,0.45158,1.39858,0.371697,1.56074,0.497991,1.75805,0.329565,1.35169,0.619864,1.82622,1
0.816857,1.46142,0.315734,1.43441,0.783327,1.45479,0.470022,1.59582,0.270494,1.38798,0.265996,1.23921,0.509645,1.42534,0.39787,1.34453,0.250409,1.44289,0.538503,1.31008,1
0.394734,1.45511,0.555726,1.39256,0.722275,1.43793,0.582279,1.25573,0.586656,1.54849,0.386845,1.47952,0.340418,1.46008,0.626508,1.71694,0.319184,1.41468,0.798785,1.6412,0
0.304278,1.28887,0.428717,1.50485,0.279755,1.22053,0.69568,1.55635,0.400118,1.32575,0.548622,1.49209,0.317503,1.44952,0.524393,1.37616,0.475517,1.39487,0.284055,1.10751,1
0.607749,1.00827,0.281558,1.44456,0.232899,1.44128,0.481496,1.32281,0.425312,1.43275,0.297343,1.60007,0.592652,1.743,0.453341,1.31565,0.385066,1.35172,0.683796,1.67229,1
0.93579,1.84276,0.613393,1.72691,0.591947,1.60891,0.550765,1.57971,0.491494,1.57624,0.639113,1.69028,0.455253,1.2375,0.423151,1.60529,0.274291,1.43631,0.211952,1.43675,1
0.786244,1.91823,0.743014,1.75365,0.385777,1.50986,0.40104,1.4689,0.364554,1.52968,0.529402,1.42654,0.583278,1.47242,0.515539,1.51557,0.699861,1.73054,0.39926,1.30898,1
0.0863343,1.04932,0.504935,1.14336,0.552765,1.74781,0.388038,1.33918,0.409377,1.5093,0.534356,1.482,0.697149,1.49625,0.379237,1.46694,0.296547,1.42255,0.514383,1.69542,1
0.436685,1.29073,0.283407,1.37963,0.548156,1.39398,0.697918,1.63903,0.39409,1.38784,0.457314,1.554,0.595914,1.57736,0.544016,1.64227,0.499988,1.40438,0.766772,1.50903,1
0.544199,1.86554,0.355534,1.35222,0.724438,1.6908,0.482407,1.72163,0.380707,1.32026,0.454205,1.45033,0.281386,1.39982,0.32853,1.4125,0.316196,1.46673,0.364371,1.36185,1
0.0825865,1.60749,0.38673,1.45373,0.592143,1.62693,0.412037,1.44011,0.202975,1.55809,0.478051,1.66148,0.551227,1.5115,0.411353,1.48489,0.442866,1.46376,0.408642,1.3456,1
0.45526,1.03658,0.382777,1.74425,0.646119,1.6305,0.654143,1.52344,0.32379,1.23413,0.605692,1.691,0.569571,1.28733,0.502891,1.39654,0.408719,1.32009,0.531116,1.45267,1
0.469349,1.03726,0.46165,1.72133,0.648362,1.56417,0.559481,1.4518,0.694233,1.66242,0.511262,1.45659,0.729398,1.44431,0.70716,1.66092,0.535032,1.66997,0.434385,1.47814,1
0.843854,1.41577,0.646558,1.63364,0.389082,1.50926,0.356757,1.62003,0.350844,1.3644,0.513802,1.71878,0.310114,1.37091,0.290027,1.31467,0.496919,1.4896,0.400903,1.64415,1
0.376937,1.09812,0.522259,1.59674,0.542401,1.45402,0.349019,1.55638,0.562124,1.54552,0.584826,1.18594,0.403355,1.43619,0.274877,1.42618,0.707629,1.64883,0.302529,1.40031,1
0.231034,1.33041,0.636851,1.30266,0.469467,1.71923,0.599812,1.7159,0.66942,1.59307,0.340745,1.46873,0.476103,1.63345,0.440615,1.54613,0.362586,1.49958,0.731566,1.5513,1
0.479433,1.36367,0.587276,1.7709,0.614676,1.53698,0.777977,1.45532,0.350762,1.4105,0.447864,1.44624,0.340331,1.55175,0.45115,1.32963,0.448357,1.42608,0.332076,1.38611,1
0.534553,1.49933,0.612167,1.41466,0.256798,1.38306,0.589788,1.53134,0.313414,1.49788,0.518998,1.31908,0.437446,1.42564,0.577015,1.40857,0.537517,1.59767,0.510441,1.22962,0
0.467668,1.56922,0.282732,1.46188,0.641846,1.41133,0.309532,1.24937,0.52675,1.76011,0.450492,1.30938,0.55833,1.51596,0.610165,1.66492,0.573809,1.52349,0.458786,1.73501,0
0.714915,1.73761,0.712467,1.52421,0.372773,1.53376,0.484284,1.51353,0.374073,1.42109,0.64093,1.52815,0.264789,1.40243,0.529333,1.42058,0.575372,1.71976,0.589246,1.36544,1
0.220291,1.3405,0.389331,1.3906,0.647037,1.72862,0.456748,1.29113,0.637485,1.63957,0.816915,1.37366,0.544569,1.5832,0.508278,1.55084,0.314168,1.36569,0.515237,1.51332,1
0.786096,1.55288,0.419825,1.30148,0.481189,1.66131,0.424433,1.4437,0.351263,1.55327,0.334465,1.34226,0.415752,1.33898,0.609217,1.87783,0.242637,1.34252,0.594242,1.63635,1
0.535679,1.71975,0.53382,1.54666,0.52113,1.73771,0.449343,1.67416,0.48966,1.6267,0.509618,1.31174,0.618132,1.4833,0.300253,1.43496,0.373614,1.32638,0.694882,1.78517,1
0.0549436,1.14304,0.380119,1.36726,0.553153,1.56428,0.619022,1.54371,0.606432,1.397,0.26591,1.31417,0.374849,1.41659,0.609242,1.47827,0.282853,1.41839,0.881665,1.60902,1
0.509589,1.44129,0.565871,1.41207,0.441596,1.36178,0.596973,1.55385,0.206597,1.49257,0.431538,1.45051,0.455852,1.3992,0.620339,1.54098,0.794688,1.66983,0.681619,1.66476,0
0.191592,1.1526,0.52226,1.67699,0.59138,1.59527,0.541811,1.37538,0.604813,1.56743,0.423179,1.28981,0.512358,1.31401,0.468527,1.30698,0.260901,1.35324,0.399098,1.51552,1
0.627738,1.82602,0.515663,1.72385,0.545125,1.52067,0.62779,1.45119,0.547068,1.74967,0.481742,1.61728,0.490091,1.73463,0.6622,1.52894,0.686242,1.41745,0.466738,1.5297,1
0.22783,1.60389,0.461042,1.48107,0.748847,1.66938,0.315798,1.35316,0.714442,1.55849,0.388843,1.29094,0.576577,1.69457,0.620471,1.63935,0.331569,1.39673,0.570918,1.52804,1
0.554517,1.32002,0.599411,1.66006,0.536832,1.53781,0.396024,1.52683,0.563416,1.78167,0.234555,1.51631,0.244004,1.43975,0.61344,1.47836,0.432454,1.6127,0.459311,1.47935,1
0.511741,1.48648,0.461288,1.31112,0.516689,1.43692,0.530903,1.73286,0.466383,1.64515,0.651193,1.53312,0.368527,1.38365,0.6068,1.67155,0.821222,1.50613,0.366255,1.50296,1
0.752404,1.99335,0.59474,1.57114,0.453247,1.55489,0.585891,1.18195,0.296984,1.57401,0.543755,1.5179,0.582281,1.68572,0.322743,1.52126,0.382133,1.24626,0.488689,1.30999,1
0.418936,1.61277,0.440526,1.6339,0.550572,1.56425,0.635678,1.67149,0.275644,1.42824,0.318218,1.30106,0.435275,1.29224,0.262475,1.32641,0.275634,1.5083,0.62318,1.50539,0
0.975004,1.35396,0.562389,1.71562,0.438117,1.57994,0.716888,1.5937,0.276529,1.23409,0.462918,1.53718,0.47704,1.75411,0.560824,1.66888,0.569236,1.57929,0.409896,1.27433,1
0.293711,1.60571,0.670278,1.52256,0.531944,1.36227,0.605435,1.56185,0.597242,1.56539,0.328653,1.32722,0.337985,1.31839,0.359247,1.45355,0.607005,1.62743,0.367677,1.32109,1
0.160266,1.99726,0.472981,1.38519,0.48032,1.41413,0.624732,1.61357,0.627906,1.6224,0.599083,1.54417,0.666216,1.45407,0.590128,1.7579,0.409705,1.3694,0.434308,1.25883,1
0.809139,1.86993,0.420466,1.29024,0.677743,1.56176,0.494999,1.87644,0.564819,1.72582,0.708712,1.58732,0.546413,1.58237,0.262399,1.44865,0.405007,1.46208,0.354634,1.37911,1
0.902313,1.10374,0.449107,1.37142,0.470954,1.19322,0.469976,1.67487,0.817731,1.52099,0.530219,1.33006,0.339193,1.63255,0.308388,1.43081,0.660347,1.51629,0.401878,1.42491,1
0.900007,1.10474,0.594113,1.29751,0.423954,1.25254,0.465644,1.53897,0.328782,1.42258,0.552045,1.51031,0.567276,1.74102,0.523509,1.34877,0.562334,1.46649,0.375586,1.44337,1
0.277198,1.27259,0.481304,1.83532,0.437665,1.38674,0.595331,1.7128,0.441644,1.41115,0.338924,1.41769,0.483727,1.50191,0.315543,1.48765,0.502229,1.60158,0.647531,1.51356,1
0.325124,1.93553,0.624937,1.47337,0.713305,1.62522,0.571428,1.64419,0.604059,1.67568,0.630738,1.66223,0.605244,1.49185,0.325712,1.3245,0.508089,1.52699,0.75308,1.60936,1
0.73201,1.68482,0.554025,1.51221,0.771997,1.61614,0.271847,1.40326,0.427258,1.21855,0.333348,1.47554,0.651954,1.54011,0.40719,1.74275,0.406376,1.32238,0.596195,1.63251,1
0.73032,1.73911,0.547953,1.43061,0.69079,1.43676,0.825795,1.79692,0.457861,1.62714,0.649693,1.54451,0.516001,1.52781,0.261464,1.37996,0.392755,1.50598,0.448255,1.63793,1
0.252548,1.46221,0.385288,1.35798,0.362943,1.38926,0.432378,1.44575,0.599289,1.65001,0.184099,1.47964,0.573305,1.49458,0.568545,1.59956,0.283929,1.35054,0.390304,1.59684,1
0.864474,1.00852,0.630789,1.75242,0.648038,1.4956,0.425139,1.42894,0.642403,1.72616,0.193853,1.38294,0.588077,1.43667,0.582472,1.7098,0.247744,1.43811,0.540781,1.21906,1
0.814632,1.54019,0.593923,1.80234,0.573023,1.46012,0.359588,1.35219,0.362656,1.45375,0.456012,1.45865,0.383406,1.62627,0.672588,1.54954,0.409249,1.54837,0.699231,1.58173,1
0.913862,1.79229,0.394616,1.2719,0.532519,1.27909,0.696499,1.72316,0.514965,1.54991,0.75585,1.64289,0.417211,1.45271,0.700477,1.47981,0.537109,1.432,0.595801,1.51575,1
0.229251,1.2511,0.434279,1.51601,0.457371,1.45384,0.58174,1.52609,0.49232,1.69223,0.61708,1.72035,0.802296,1.71848,0.470458,1.39206,0.672467,1.49481,0.521985,1.53165,1
0.513801,1.42755,0.403834,1.35316,0.676631,1.66561,0.427886,1.57335,0.352143,1.32019,0.507751,1.47741,0.464114,1.28647,0.285024,1.30412,0.349824,1.60005,0.388722,1.43842,1
0.0556446,1.57023,0.464107,1.34943,0.71409,1.64873,0.600417,1.69184,0.402911,1.40262,0.611715,1.7194,0.464683,1.42515,0.634014,1.75249,0.313794,1.43879,0.435886,1.3728,1
0.390508,1.47465,0.47679,1.43221,0.468519,1.38106,0.344391,1.48185,0.405324,1.44217,0.621673,1.62366,0.63614,1.58441,0.469958,1.47772,0.511665,1.69293,0.525046,1.63699,0
0.713844,1.1703,0.623513,1.66638,0.506754,1.35447,0.416709,1.57309,0.380348,1.3729,0.446206,1.20521,0.672656,1.51549,0.310095,1.36542,0.619896,1.56537,0.314334,1.46501,1
0.38109,1.70873,0.167071,1.39355,0.60394,1.67599,0.570319,1.45002,0.558706,1.67229,0.627581,1.78974,0.461818,1.54373,0.319517,1.36884,0.602237,1.48883,0.589047,1.63777,1
0.596137,1.49224,0.106851,1.55943,0.215,1.22428,0.455267,1.51299,0.577597,1.68463,0.550247,1.55074,0.418506,1.53716,0.332412,1.37863,0.447006,1.57631,0.571357,1.5973,0
0.913448,1.07938,0.337514,1.33475,0.53464,1.56847,0.548708,1.54859,0.436702,1.39803,0.346466,1.37016,0.736722,1.71737,0.540369,1.19469,0.280716,1.46707,0.521023,1.4653,1
0.271601,1.05056,0.491101,1.53145,0.41141,1.52522,0.133922,1.34202,0.612823,1.56612,0.647061,1.58171,0.488239,1.47412,0.554062,1.70365,0.454919,1.57509,0.57642,1.63277,1
0.337956,1.70467,0.549863,1.66835,0.471323,1.30453,0.433346,1.66777,0.416143,1.37572,0.398889,1.53708,0.37965,1.34332,0.338674,1.43407,0.272001,1.4511,0.499685,1.65881,1
0.551465,1.63024,0.332691,1.59532,0.504643,1.49898,0.538364,1.73722,0.446225,1.61727,0.419376,1.68819,0.609341,1.19124,0.535547,1.60034,0.543644,1.65222,0.422932,1.44296,1
0.419747,1.05254,0.605936,1.32188,0.52278,1.20943,0.373757,1.49345,0.413604,1.43449,0.413602,1.76106,0.596672,1.57105,0.287906,1.44699,0.571114,1.49198,0.476095,1.40244,1
0.0177478,1.35305,0.46578,1.33069,0.663582,1.55717,0.603328,1.57923,0.558123,1.50194,0.394945,1.53901,0.301359,1.25062,0.350158,1.32959,0.299469,1.58614,0.791896,1.61549,1
0.721353,1.11936,0.48205,1.41858,0.282523,1.40883,0.555527,1.55415,0.382776,1.43193,0.673978,1.43313,0.650965,1.54966,0.570187,1.30191,0.438426,1.22416,0.547686,1.5394,1
0.715054,1.01433,0.418183,1.49724,0.502198,1.567,0.530429,1.49266,0.730755,1.79397,0.61186,1.46756,0.422559,1.21287,0.574897,1.49948,0.39831,1.43072,0.653101,1.53494,1
0.0483023,1.6421,0.350334,1.39432,0.514541,1.35289,0.683841,1.49723,0.612845,1.64226,0.744583,1.56777,0.46046,1.61439,0.457473,1.4281,0.487456,1.42284,0.612065,1.64315,1
0.312347,1.95669,0.644615,1.67942,0.420581,1.30402,0.414942,1.40545,0.394858,1.41225,0.643261,1.56184,0.379303,1.50188,0.324823,1.45631,0.417378,1.43748,0.445804,1.61,1
0.382586,1.75216,0.777027,1.67458,0.190012,1.34574,0.569662,1.3169,0.495395,1.40885,0.663374,1.70869,0.446186,1.34335,0.617269,1.32972,0.304954,1.36297,0.644365,1.67443,1
0.224939,1.99305,0.29148,1.42096,0.487414,1.78006,0.580939,1.61497,0.631605,1.52075,0.274513,1.47183,0.246294,1.3849,0.637635,1.71406,0.574896,1.313,0.510502,1.43733,1
0.762474,1.57008,0.598298,1.5321,0.544045,1.59288,0.52647,1.40112,0.393216,1.47078,0.562584,1.57331,0.187351,1.30587,0.618463,1.57402,0.394654,1.48007,0.584632,1.57951,1
0.519859,1.53303,0.518431,1.64769,0.54886,1.83245,0.183891,1.34111,0.278061,1.3587,0.520291,1.50463,0.563307,1.49874,0.610565,1.43781,0.63537,1.58344,0.396239,1.30713,0
0.0543158,1.14478,0.589692,1.52867,0.510267,1.28357,0.660583,1.58999,0.384598,1.48188,0.611501,1.5783,0.592084,1.57818,0.497539,1.5676,0.639496,1.53571,0.63935,1.54789,1
0.157993,1.03265,0.455593,1.56098,0.555694,1.61151,0.612063,1.52087,0.579669,1.70346,0.659965,1.18385,0.65357,1.88163,0.454957,1.43229,0.614178,1.66935,0.617988,1.59563,1
0.613956,1.36265,0.497391,1.36949,0.700002,1.64123,0.604832,1.38457,0.751272,1.65264,0.352428,1.36291,0.441902,1.26283,0.408612,1.3578,0.509075,1.54254,0.500723,1.30654,1
0.774274,1.16002,0.59841,1.75998,0.454162,1.50899,0.469703,1.46812,0.424095,1.60922,0.674683,1.60721,0.309408,1.44239,0.739657,1.47377,0.400005,1.34965,0.565333,1.73513,1
0.624965,1.42953,0.18225,1.50402,0.258708,1.36763,0.459922,1.40612,0.428169,1.32544,0.457535,1.58512,0.556159,1.68779,0.718677,1.59849,0.425983,1.41618,0.7065,1.62513,1
0.562352,1.22402,0.348744,1.43671,0.698424,1.6657,0.53826,1.74734,0.617564,1.58647,0.457624,1.46496,0.341626,1.4477,0.549069,1.6259,0.564205,1.38908,0.363279,1.35552,1
0.960863,1.33535,0.382624,1.37642,0.485794,1.47578,0.552704,1.61093,0.509763,1.76025,0.361078,1.57595,0.656876,1.5979,0.525942,1.36061,0.733998,1.72269,0.551582,1.45916,1
0.962127,1.47741,0.227239,1.33776,0.518303,1.33304,0.736788,1.62585,0.480879,1.30694,0.706577,1.49231,0.473612,1.51593,0.504565,1.59161,0.246324,1.4192,0.765892,1.67169,1
0.480682,1.05897,0.40382,1.60931,0.338275,1.37464,0.354994,1.16802,0.537284,1.3023,0.45456,1.63186,0.480431,1.59966,0.360069,1.3474,0.33497,1.33584,0.324404,1.25,1
0.422663,1.53263,0.1714,1.25075,0.31879,1.50591,0.467856,1.22843,0.643823,1.65789,0.399261,1.49733,0.42538,1.64642,0.661648,1.55746,0.368519,1.38075,0.710754,1.61103,1
0.563199,1.48181,0.613731,1.62535,0.533533,1.5822,0.543108,1.4786,0.523903,1.66191,0.334599,1.47206,0.659193,1.56682,0.533593,1.71355,0.516075,1.70111,0.664841,1.54885,0
0.997123,1.00982,0.353923,1.40656,0.586381,1.56804,0.43687,1.40889,0.14988,1.27615,0.510566,1.36636,0.506163,1.49484,0.599154,1.58591,0.634988,1.52443,0.325022,1.32323,1
0.533942,1.49538,0.66155,1.62983,0.668621,1.45982,0.466691,1.35979,0.383438,1.39237,0.495612,1.46006,0.277351,1.54625,0.666464,1.42697,0.741936,1.54973,0.680012,1.7014,0
0.533059,1.56277,0.338205,1.48281,0.45378,1.28564,0.562033,1.70434,0.342913,1.29257,0.384348,1.40443,0.437367,1.16444,0.359845,1.32922,0.407822,1.31312,0.563836,1.80804,0
0.438213,1.58672,0.581884,1.61393,0.681344,1.51869,0.293287,1.38791,0.74466,1.62295,0.318398,1.3043,0.637722,1.47807,0.394407,1.52393,0.712273,1.56017,0.568079,1.72369,0
0.94214,1.40107,0.175037,1.47733,0.436089,1.55675,0.384092,1.37279,0.612622,1.51321,0.39056,1.35904,0.555062,1.52797,0.297938,1.44066,0.552618,1.63091,0.64485,1.56393,1
0.886085,1.17185,0.477778,1.47213,0.451745,1.54359,0.351742,1.49995,0.373651,1.3006,0.503087,1.53902,0.684451,1.43942,0.391865,1.499,0.39081,1.39077,0.426647,1.6614,1
0.70349,1.54884,0.525455,1.68363,0.662839,1.54318,0.696775,1.58487,0.309435,1.41381,0.622614,1.54541,0.745356,1.64404,0.722983,1.51197,0.465531,1.39699,0.476763,1.29612,1
0.412533,1.34195,0.386142,1.67308,0.67023,1.52417,0.386548,1.38563,0.379758,1.31915,0.311555,1.48496,0.495244,1.48346,0.7348,1.49405,0.431751,1.73411,0.653784,1.67756,1
0.47055,1.71785,0.472407,1.41901,0.535549,1.64462,0.340153,1.4264,0.388651,1.25895,0.212033,1.36649,0.284832,1.4096,0.504623,1.62158,0.53636,1.49948,0.272627,1.3031,1
0.909452,1.70261,0.558697,1.53333,0.339695,1.42854,0.306222,1.54258,0.482722,1.34809,0.344136,1.31656,0.457527,1.40876,0.218184,1.30495,0.441072,1.41216,0.35034,1.43231,1
0.420803,1.5223,0.694151,1.61304,0.565406,1.52941,0.458939,1.61563,0.593101,1.36157,0.558935,1.49496,0.441099,1.38555,0.417863,1.43246,0.525937,1.30269,0.659618,1.63872,1
0.269482,1.1784,0.428092,1.7737,0.570505,1.39085,0.52981,1.66985,0.391218,1.40864,0.362858,1.47557,0.213256,1.31992,0.653785,1.56797,0.421225,1.58979,0.393371,1.48736,1
0.521246,1.19578,0.582333,1.71332,0.323584,1.38939,0.31943,1.42033,0.263854,1.33362,0.277781,1.25918,0.434598,1.33807,0.443714,1.36258,0.401167,1.33372,0.403834,1.30603,1
0.308782,1.10172,0.768649,1.57791,0.383883,1.37435,0.395981,1.38638,0.336106,1.26613,0.468677,1.59139,0.583719,1.55049,0.505222,1.57399,0.531856,1.49703,0.595746,1.50014,1
0.456793,1.47359,0.674121,1.5364,0.493964,1.42872,0.493003,1.74537,0.622737,1.62324,0.366449,1.56463,0.56657,1.60517,0.418345,1.39659,0.6005,1.68469,0.440806,1.39975,0
0.466153,1.07167,0.395774,1.45307,0.572659,1.5631,0.524728,1.67841,0.608835,1.54931,0.628967,1.46213,0.500741,1.39512,0.501366,1.66992,0.424252,1.23174,0.293284,1.41796,1
0.0322573,1.24439,0.567508,1.53341,0.38545,1.5142,0.627892,1.4511,0.615447,1.57775,0.507381,1.68677,0.500422,1.43213,0.506506,1.52374,0.548829,1.57243,0.60667,1.72905,1
0.463288,1.45776,0.580784,1.51305,0.514302,1.51334,0.634047,1.56028,0.732987,1.58764,0.39515,1.49179,0.489643,1.61112,0.5448,1.38762,0.374836,1.53784,0.435184,1.31882,0
0.763736,1.92391,0.440152,1.67146,0.380585,1.40958,0.62796,1.6195,0.277171,1.44379,0.333459,1.49526,0.242852,1.31257,0.430559,1.129,0.351491,1.31327,0.340507,1.34949,1
0.62964,1.80173,0.473587,1.54784,0.289881,1.51754,0.476,1.40955,0.318507,1.35652,0.542857,1.67676,0.695346,1.24055,0.432356,1.45116,0.219135,1.35439,0.349502,1.30237,1
0.455386,1.32975,0.513363,1.6807,0.438833,1.34394,0.354682,1.44012,0.678373,1.64445,0.598777,1.49576,0.477613,1.42353,0.291051,1.29978,0.539121,1.59757,0.385755,1.62026,1
0.601385,1.57731,0.290893,1.53147,0.669393,1.60344,0.564828,1.52879,0.571617,1.62716,0.568454,1.57407,0.536059,1.54364,0.511014,1.60815,0.623595,1.55583,0.542981,1.59011,1
0.455933,1.29622,0.657019,1.39561,0.398888,1.24523,0.366448,1.51109,0.789793,1.70843,0.512522,1.63974,0.248945,1.47968,0.329357,1.4349,0.813405,1.59746,0.446968,1.44392,1
0.0232869,1.1147,0.59705,1.60417,0.44009,1.37748,0.48843,1.4527,0.545947,1.3759,0.594725,1.61035,0.42926,1.28074,0.71765,1.43124,0.51606,1.31273,0.399365,1.52815,1
0.631727,1.29937,0.312423,1.17244,0.734378,1.5459,0.225564,1.32937,0.388173,1.29404,0.514991,1.45225,0.629564,1.73879,0.351497,1.42153,0.355027,1.49198,0.770332,1.55107,1
0.675523,1.84772,0.363883,1.53106,0.284285,1.46575,0.366604,1.32011,0.460383,1.67656,0.505872,1.6176,0.499476,1.30198,0.321449,1.33135,0.532153,1.35638,0.536133,1.54645,1
0.398219,1.04244,0.546345,1.33286,0.611777,1.68239,0.320765,1.52368,0.481103,1.51282,0.639722,1.69491,0.679422,1.56733,0.720722,1.48636,0.441651,1.46683,0.450435,1.31857,1
0.873914,1.60631,0.605601,1.72503,0.329393,1.43983,0.666829,1.35669,0.332362,1.43752,0.525486,1.44113,0.532199,1.65791,0.336955,1.28479,0.309732,1.24046,0.60937,1.3367,1
0.457215,1.13404,0.346766,1.52412,0.51773,1.67428,0.587776,1.6999,0.307088,1.35636,0.426186,1.15156,0.562661,1.66974,0.422465,1.42345,0.508832,1.36029,0.499159,1.56005,1
0.0183991,1.8409,0.629384,1.69943,0.648406,1.64849,0.522995,1.48525,0.314871,1.43473,0.259589,1.42033,0.499321,1.50786,0.574839,1.66543,0.368239,1.24763,0.663141,1.71791,1
0.664151,1.50571,0.276733,1.36678,0.555874,1.55247,0.355436,1.49071,0.384518,1.36363,0.549572,1.75648,0.274126,1.38796,0.426806,1.29852,0.316866,1.26076,0.704905,1.66506,1
0.722787,1.2734,0.338405,1.34577,0.524299,1.23785,0.49631,1.41637,0.459864,1.36998,0.485075,1.33009,0.594361,1.49082,0.621569,1.54114,0.81431,1.4926,0.316638,1.63293,1
0.00738184,1.33464,0.363591,1.31542,0.713812,1.79009,0.637779,1.67052,0.482439,1.2903,0.586174,1.65157,0.520727,1.69117,0.303667,1.32512,0.623479,1.57839,0.506614,1.335,1
0.816762,1.15662,0.436647,1.34502,0.507519,1.42694,0.420989,1.29618,0.525078,1.48575,0.475403,1.62065,0.519307,1.64909,0.64436,1.64383,0.388502,1.53756,0.385781,1.4617,1
0.684872,1.8445,0.387218,1.29035,0.452293,1.47452,0.52005,1.5603,0.39851,1.39691,0.365261,1.35898,0.646148,1.73921,0.411886,1.45643,0.666952,1.53461,0.255756,1.29398,1
0.970586,1.2409,0.757466,1.66423,0.320635,1.51103,0.431193,1.43023,0.54165,1.73593,0.458217,1.28346,0.489177,1.47666,0.365965,1.33069,0.582759,1.55645,0.593079,1.55241,1
0.53831,1.41431,0.777579,1.58437,0.625701,1.64614,0.379297,1.40662,0.434418,1.32423,0.535413,1.37303,0.613154,1.46408,0.553245,1.30399,0.556012,1.60909,0.363125,1.43933,1
0.0579127,1.04582,0.659448,1.5608,0.582508,1.32625,0.488347,1.28515,0.501724,1.52639,0.464192,1.38841,0.590415,1.59936,0.290798,1.48669,0.651569,1.5054,0.486683,1.37832,1
0.852521,1.76549,0.565089,1.5502,0.593797,1.52348,0.456115,1.39745,0.360064,1.37866,0.611478,1.51734,0.367235,1.46631,0.237693,1.37368,0.315625,1.32354,0.688111,1.68039,1
0.46473,1.56828,0.343165,1.37992,0.609124,1.45975,0.460486,1.56053,0.654208,1.48726,0.32257,1.38308,0.561643,1.64179,0.541081,1.40805,0.428819,1.78971,0.518211,1.82762,0
0.541682,1.29817,0.650347,1.55621,0.601393,1.50997,0.694402,1.5331,0.570035,1.607,0.603995,1.43697,0.650552,1.46489,0.516952,1.6808,0.365443,1.30871,0.548646,1.57371,1
0.415496,1.76447,0.410845,1.44155,0.511982,1.43766,0.423478,1.66292,0.658743,1.44918,0.587616,1.66753,0.298616,1.44455,0.231492,1.37558,0.566065,1.77051,0.616018,1.71389,1
0.477039,1.44702,0.41157,1.35686,0.630594,1.56202,0.545372,1.6584,0.526182,1.78138,0.502246,1.71959,0.595176,1.50996,0.20743,1.36996,0.221381,1.31219,0.349725,1.34442,0
