att1,att2,att3,att4,att5,att6,att7,att8,att9,att10,att11,att12,att13,att14,att15,att16,att17,att18,att19,att20,class
4.47321,1.45949,4.46049,1.64396,4.55941,1.30719,4.61361,1.3958,4.0489,1.07153,4.29446,1.36992,4.63566,1.62624,4.38602,1.28717,4.44567,1.5582,4.47059,1.41784,1
4.4267,1.33532,4.43279,1.55419,4.45987,1.58673,4.46876,1.64091,4.6324,1.31137,4.66407,1.56456,4.46097,1.51675,4.57475,1.59937,4.36389,1.36384,4.4694,1.33266,1
4.62241,1.68994,4.37629,1.06001,4.60493,1.56254,4.76331,1.75908,4.69574,1.5657,4.66758,1.3605,4.50291,1.57473,4.7479,1.64322,4.66832,1.60191,4.64865,1.74666,1
4.51274,1.6142,4.55869,1.55309,4.57485,1.50909,4.34065,1.36101,4.80633,1.08796,4.48062,1.50661,4.50645,1.7154,4.42964,1.43739,4.50174,1.76753,4.58992,1.64602,1
4.41623,1.38933,4.3182,1.322,4.31777,1.67887,4.53236,1.54275,4.6588,1.97802,4.28046,1.58243,4.23307,1.25369,4.39828,1.1411,4.41767,1.41092,4.63215,1.51343,1
4.82626,1.40483,4.64851,1.50741,4.46692,1.33548,4.61656,1.51323,4.06131,1.35768,4.32002,1.37051,4.53635,1.50014,4.5136,1.46178,4.5279,1.43597,4.27163,1.31737,1
4.2673,1.26921,4.64492,1.5162,4.45169,1.43584,4.28556,1.3848,4.06315,1.20153,4.45776,1.2615,4.45465,1.27821,4.30951,1.40086,4.55689,1.88671,4.53993,1.5307,1
4.82326,1.76347,4.53569,1.49544,4.3101,1.34799,4.35372,1.21257,4.62502,1.55973,4.36604,1.48912,4.45237,1.14179,4.67584,1.43877,4.3128,1.40022,4.59444,1.73386,1
4.41246,1.507,4.35799,1.30698,4.56525,1.74029,4.60729,1.63677,4.26467,1.48092,4.59761,1.62945,4.60108,1.62633,4.68303,1.58808,4.68485,1.65344,4.5669,1.64394,1
4.70982,1.43632,4.54798,1.40701,4.40506,1.31346,4.54707,1.54122,4.4323,1.91446,4.55671,1.52714,4.51875,1.64499,4.5858,1.80428,4.36615,1.60752,4.34316,1.43398,1
4.61632,1.56462,4.66606,1.58221,4.77593,1.63193,4.54618,1.45405,4.09542,1.19931,4.68808,1.63765,4.39635,1.49401,4.40286,1.25568,4.34831,1.37728,4.57248,1.63441,1
4.62267,1.7678,4.40056,1.55051,4.53992,1.42009,4.3495,1.36322,4.89446,1.30021,4.55057,1.52211,4.38048,1.43063,4.6377,1.35917,4.46983,1.38379,4.41292,1.1616,1
4.62109,1.3511,4.63846,1.4811,4.57897,1.4847,4.41953,1.23888,4.18754,1.30285,4.86243,1.55341,4.48845,1.31525,4.30619,1.09974,4.65997,1.67053,4.38605,1.46324,1
4.48499,1.32955,4.29935,1.36677,4.62667,1.5891,4.26523,1.42797,4.22375,1.85878,4.56248,1.67677,4.6148,1.79027,4.28498,1.39192,4.59526,1.25974,4.42604,1.5361,0
4.67017,1.77043,4.36957,1.36791,4.37692,1.58679,4.49891,1.35447,4.468,1.4907,4.58724,1.52515,4.53317,1.69433,4.29091,1.1237,4.74547,1.47294,4.62907,1.55934,1
4.35992,1.27607,4.52638,1.39934,4.22474,1.42007,4.34355,1.38519,4.8364,1.72546,4.39374,1.53376,4.96129,1.60901,4.06678,1.62111,4.22596,1.28377,4.43502,1.48776,1
4.73946,1.5739,4.49218,1.71558,4.43524,1.42351,4.69645,1.41948,4.70349,1.02114,4.45328,1.67805,4.4285,1.16749,4.41357,1.48266,4.59312,1.54359,4.26004,1.40814,1
4.40652,1.33974,4.34431,1.42758,4.46081,1.57199,4.28044,1.38567,4.53531,1.75342,4.47534,1.30056,4.78847,1.65483,4.62607,1.48033,4.39651,1.71943,4.44237,1.62346,0
4.45336,1.38202,4.5145,1.48472,4.59453,1.47862,4.21882,1.45382,4.92718,1.08698,4.52395,1.58143,4.70286,1.54898,4.52052,1.51358,4.7306,1.41923,4.57416,1.43554,1
4.48107,1.63857,4.49656,1.43065,4.42625,1.35786,4.73047,1.5722,4.63175,1.43709,4.57306,1.40378,4.49235,1.48704,4.67418,1.66036,4.41729,1.31465,4.65491,1.59973,1
4.38578,1.60453,4.3816,1.32006,4.3199,1.49146,4.68925,1.69147,4.06946,1.57482,4.53802,1.57796,4.27399,1.28294,4.55273,1.68071,4.59092,1.75856,4.36626,1.60911,1
4.24398,1.23974,4.35125,1.44224,4.68102,1.66249,4.47539,1.47074,4.07279,1.29574,4.69354,1.5449,4.44106,1.47604,4.45251,1.60474,4.5433,1.62239,4.5954,1.14693,1
4.68556,1.59453,4.5551,1.61431,4.66702,1.53841,4.38241,1.55869,4.84203,1.50248,4.65173,1.58827,4.42331,1.50781,4.43169,1.4096,4.36855,1.2847,4.59525,1.66421,1
4.3684,1.52859,4.70898,1.60121,4.44262,1.47787,4.4483,1.66763,4.02253,1.60055,4.46559,1.87535,4.58613,1.61819,4.51201,1.50349,4.29153,1.28419,4.48511,1.5206,1
4.69556,1.52351,4.61488,1.41124,4.46089,1.56207,4.51733,1.31075,4.84111,1.29724,4.34057,1.2901,4.71482,1.44993,4.41432,1.39061,4.57868,1.5423,4.4958,1.38162,1
4.40652,1.33974,4.34431,1.42758,4.46081,1.57199,4.28044,1.38567,4.53531,1.75342,4.47534,1.30056,4.78847,1.65483,4.62607,1.48033,4.39651,1.71943,4.44237,1.62346,0
4.50058,1.3471,4.55244,1.56645,4.20072,1.56544,4.64788,1.68785,4.83066,1.61711,4.41629,1.41271,4.33466,1.36654,4.50788,1.5341,4.62752,1.67763,4.41449,1.41713,1
4.41679,1.38833,4.45439,1.4614,4.71054,1.56693,4.41061,1.45685,4.13142,1.56151,4.50992,1.66879,4.68724,1.5072,4.34637,1.36603,4.4992,1.61339,4.72534,1.60229,0
4.51491,1.5276,4.29813,1.4344,4.4092,1.42876,4.51432,1.14303,4.50871,1.87544,4.53938,1.57523,4.6797,1.52079,4.45506,1.59703,4.51243,1.51479,4.6319,1.55307,0
4.76653,1.67555,4.41435,1.42837,4.56783,1.51316,4.6154,1.69472,4.5752,1.99157,4.37735,1.42479,4.4103,1.67541,4.6714,1.53775,4.36159,1.40901,4.43615,1.60315,0
4.52787,1.60517,4.41416,1.37182,4.7442,1.53914,4.5741,1.76475,4.19691,1.73216,4.38116,1.36945,4.61608,1.64413,4.37098,1.43976,4.65673,1.6953,4.60618,1.70086,0
4.27452,1.55675,4.61174,1.46888,4.53786,1.53846,4.74381,1.5589,4.88027,1.5387,4.71371,1.59631,4.45933,1.64303,4.41243,1.51198,4.60602,1.46265,4.44379,1.54214,1
4.68556,1.59453,4.5551,1.61431,4.66702,1.53841,4.38241,1.55869,4.84203,1.50248,4.65173,1.58827,4.42331,1.50781,4.43169,1.4096,4.36855,1.2847,4.59525,1.66421,1
4.30432,1.36301,4.3978,1.57105,4.31011,1.20462,4.66084,1.55197,4.92854,1.47158,4.37888,1.46256,4.73354,1.52031,4.60794,1.67928,4.56044,1.36625,4.51304,1.39947,0
4.45769,1.56371,4.68816,1.60338,4.6231,1.42722,4.40763,1.32358,4.66736,1.08096,4.24982,1.34026,4.62577,1.43405,4.62092,1.50027,4.30657,1.38707,4.28516,1.49018,1
4.59493,1.63916,4.50135,1.58432,4.49628,1.5121,4.63155,1.40482,4.18627,1.99042,4.41478,1.34926,4.60377,1.51193,4.36889,1.25282,4.37188,1.60074,4.467,1.46142,0
4.69933,1.78923,4.26576,1.47173,4.32213,1.29638,4.75992,1.5207,4.14743,1.9829,4.52223,1.59826,4.47718,1.60777,4.45247,1.53025,4.31333,1.37076,4.71889,1.72369,0
4.35906,1.29931,4.30513,1.46592,4.47749,1.2853,4.6652,1.51875,4.25555,1.37429,4.66971,1.7025,4.46962,1.28369,4.25139,1.49943,4.43562,1.24618,4.43252,1.32168,1
4.40913,1.46459,4.55061,1.56244,4.19599,1.33457,4.51799,1.64687,4.26002,1.89338,4.48918,1.76166,4.65799,1.70327,4.33933,1.5714,4.51035,1.67054,4.32311,1.42357,1
4.54634,1.63261,4.34381,1.35947,4.34684,1.50102,4.47782,1.74374,4.2835,1.81781,4.36423,1.42031,4.18362,1.28764,4.32583,1.27568,4.51823,1.58584,4.68833,1.7896,0
4.50566,1.56134,4.602,1.68071,4.54489,1.38084,4.45942,1.54481,4.89589,1.04091,4.58107,1.37885,4.40288,1.36684,4.6676,1.55166,4.61026,1.66593,4.39964,1.36075,1
4.32518,1.33481,4.64675,1.71546,4.54876,1.60107,4.74253,1.55946,4.42072,1.53355,4.47187,1.56596,4.61845,1.7188,4.58885,1.7101,4.55008,1.55739,4.26345,1.24621,1
4.61476,1.58916,4.51012,1.45403,4.36109,1.60541,4.55932,1.23014,4.63346,1.54695,4.47195,1.36244,4.52728,1.37947,4.3878,1.5245,4.5793,1.63763,4.5725,1.48746,1
4.33738,1.35215,4.55959,1.25614,4.47795,1.41651,4.44307,1.54349,4.85064,1.11459,4.39299,1.40035,4.55548,1.35154,4.58167,1.62531,4.4001,1.68973,4.41368,1.25017,1
4.66735,1.49856,4.6394,1.63205,4.36848,1.37564,4.53596,1.66675,4.63707,1.2187,4.51642,1.43013,4.47993,1.68829,4.66764,1.63365,4.36682,1.36207,4.58049,1.65544,1
4.32341,1.21448,4.2278,1.48634,4.75173,1.62964,4.27381,1.57727,4.91819,1.12388,4.43209,1.55934,4.54251,1.4599,4.61264,1.64356,4.20563,1.43234,4.60549,1.5871,1
4.59589,1.65956,4.58544,1.54443,4.64308,1.50697,4.75477,1.67938,4.89615,1.54061,4.3451,1.3137,4.46232,1.51642,4.4638,1.35817,4.50083,1.64767,4.39648,1.43885,1
4.62093,1.3359,4.54854,1.28848,4.5362,1.37776,4.7445,1.46781,4.09754,1.0433,4.57122,1.6124,4.50265,1.61088,4.30608,1.4726,4.33383,1.21128,4.66554,1.5687,1
4.57375,1.82456,4.55398,1.65017,4.35137,1.35366,4.45741,1.49113,4.66139,1.29509,4.40966,1.35572,4.55034,1.61902,4.58376,1.57498,4.58803,1.48629,4.64474,1.72623,1
4.59002,1.53786,4.39357,1.30706,4.4146,1.40276,4.66042,1.56877,4.82052,1.32173,4.53458,1.28469,4.4137,1.33501,4.5779,1.48373,4.55417,1.56971,4.25961,1.33208,1
4.66071,1.71064,4.44968,1.47442,4.40699,1.67741,4.50901,1.49419,4.7237,1.14296,4.70094,1.63604,4.69911,1.63037,4.42716,1.36596,4.67131,1.6186,4.38179,1.40387,1
4.41655,1.49218,4.41405,1.39332,4.50416,1.64721,4.46075,1.47722,4.84907,1.14257,4.37552,1.36821,4.58265,1.76928,4.6628,1.66851,4.57098,1.62426,4.59605,1.6199,1
4.39698,1.32701,4.57693,1.40381,4.35478,1.42895,4.45538,1.56988,4.67043,1.44462,4.63617,1.56763,4.55976,1.46399,4.35779,1.3222,4.55888,1.68839,4.47833,1.66768,1
4.61696,1.49759,4.3042,1.19976,4.57691,1.58891,4.38776,1.38102,4.62137,1.27239,4.44706,1.25542,4.7688,1.77104,4.38514,1.24306,4.56384,1.53545,4.45561,1.37539,1
4.53805,1.37211,4.31135,1.53461,4.57855,1.65215,4.35777,1.63163,4.6002,1.28431,4.5224,1.4717,4.51334,1.5948,4.72618,1.66421,4.58521,1.5013,4.40701,1.56254,1
4.75414,1.5485,4.34996,1.44915,4.5799,1.4839,4.43304,1.39457,4.28697,1.93249,4.49062,1.40651,4.22443,1.4195,4.67714,1.76691,4.57964,1.46895,4.71946,1.54445,0
4.43391,1.58875,4.3174,1.45162,4.6408,1.52775,4.53277,1.28489,4.26668,1.03542,4.64669,1.56372,4.51957,1.25872,4.39103,1.42603,4.69974,1.5694,4.28748,1.50295,1
4.70982,1.43632,4.54798,1.40701,4.40506,1.31346,4.54707,1.54122,4.4323,1.91446,4.55671,1.52714,4.51875,1.64499,4.5858,1.80428,4.36615,1.60752,4.34316,1.43398,1
4.55485,1.53056,4.46948,1.35115,4.64527,1.76709,4.35341,1.37983,4.38713,1.2725,4.54308,1.21299,4.18682,1.37019,4.31198,1.39433,4.29556,1.22651,4.67705,1.52233,1
4.4802,1.20347,4.5963,1.36644,4.53247,1.56998,4.64761,1.59627,4.85941,1.69763,4.65451,1.61768,4.43767,1.49236,4.83352,1.52847,4.47241,1.47174,4.22151,1.51755,1
4.3839,1.29587,4.31518,1.43451,4.42281,1.29707,4.35088,1.4832,4.98313,1.24108,4.69534,1.69712,4.61809,1.53619,4.68232,1.55416,4.56086,1.69116,4.34965,1.33918,1
4.43638,1.26172,4.4091,1.3865,4.31707,1.67898,4.6357,1.64417,4.09979,1.34945,4.51295,1.68591,4.4588,1.48389,4.57323,1.5949,4.43986,1.50336,4.36635,1.47434,1
4.33166,1.44775,4.37825,1.34002,4.42077,1.45952,4.39819,1.46795,4.14665,1.77217,4.50052,1.43834,4.42654,1.39013,4.29443,1.38507,4.4974,1.47205,4.59475,1.75755,0
4.56953,1.73918,4.41434,1.3702,4.46513,1.38433,4.36282,1.41355,4.69999,1.31109,4.76265,1.65421,4.50338,1.4795,4.64308,1.63381,4.53842,1.4414,4.46845,1.59267,1
4.5397,1.53865,4.67479,1.65631,4.5204,1.28846,4.4118,1.39407,4.06761,1.08921,4.62707,1.77861,4.54908,1.37,4.33114,1.34745,4.56773,1.80061,4.45775,1.64815,1
4.52446,1.61608,4.65423,1.71853,4.36866,1.41813,4.27103,1.31685,4.02304,1.61723,4.74374,1.48101,4.32087,1.45638,4.65452,1.67617,4.34147,1.51858,4.49367,1.49177,1
4.41993,1.49407,4.49401,1.51216,4.4382,1.40519,4.56697,1.60768,4.42603,1.33511,4.39597,1.42496,4.38545,1.45582,4.77313,1.65895,4.29331,1.42842,4.31506,1.1522,1
4.71806,1.56663,4.65925,1.57359,4.43443,1.42177,4.49532,1.31069,4.49858,1.45615,4.43895,1.22998,4.37956,1.31916,4.62253,1.53194,4.57318,1.37799,4.39052,1.65605,1
4.2869,1.37692,4.46367,1.54016,4.62133,1.49918,4.3434,1.49939,4.52879,1.04941,4.48306,1.55005,4.73594,1.66905,4.48529,1.44734,4.66168,1.68716,4.54811,1.4872,1
4.63744,1.74841,4.31731,1.51871,4.13894,1.4232,4.43581,1.45105,4.24247,1.27565,4.47558,1.20544,4.45747,1.34773,4.65527,1.55765,4.51781,1.38828,4.26864,1.50368,1
4.36781,1.57135,4.38369,1.30833,4.39685,1.38962,4.64838,1.47717,4.20346,1.01818,4.44329,1.60449,4.38882,1.37063,4.55761,1.65855,4.32636,1.51669,4.54014,1.33859,1
4.42439,1.61438,4.68743,1.73578,4.13284,1.32366,4.31182,1.32451,4.47464,1.13244,4.69468,1.47242,4.37437,1.35693,4.70744,1.52958,4.44343,1.09855,4.65033,1.50371,1
4.33143,1.43982,4.59195,1.58004,4.55636,1.69614,4.72611,1.60514,4.63761,1.36998,4.19757,1.57714,4.63487,1.63849,4.27367,1.50921,4.23965,1.51961,4.32506,1.38084,1
4.55394,1.4732,4.14574,1.55253,4.27064,1.41661,4.74876,1.65045,4.19006,1.12742,4.48738,1.7037,4.73784,1.70747,4.36084,1.33705,4.57625,1.32429,4.61375,1.58106,1
4.48594,1.39014,4.59857,1.64692,4.82501,1.58409,4.3212,1.47041,4.29775,1.34696,4.52955,1.6936,4.64327,1.34917,4.43697,1.46349,4.42516,1.42559,4.41166,1.45849,1
4.52446,1.61608,4.65423,1.71853,4.36866,1.41813,4.27103,1.31685,4.02304,1.61723,4.74374,1.48101,4.32087,1.45638,4.65452,1.67617,4.34147,1.51858,4.49367,1.49177,1
4.36603,1.55286,4.54985,1.5561,4.39887,1.45423,4.53985,1.47461,4.68269,1.8477,4.41173,1.34681,4.36667,1.51853,4.56021,1.40818,4.26685,1.46683,4.56714,1.53352,0
4.51644,1.34114,4.61361,1.5878,4.48629,1.48179,4.77272,1.56421,4.86557,1.32247,4.46941,1.61254,4.16585,1.36243,4.25084,1.37576,4.23222,1.51577,4.40023,1.24755,1
4.45014,1.32495,4.47515,1.50834,4.51374,1.51063,4.77527,1.70524,4.58937,1.07579,4.53129,1.55181,4.48058,1.53768,4.4186,1.39281,4.35493,1.4132,4.43682,1.5485,1
4.61709,1.46693,4.73388,1.59633,4.35966,1.37933,4.41554,1.54846,4.09416,1.33098,4.61986,1.42549,4.55,1.73258,4.467,1.52653,4.52279,1.57702,4.59221,1.3401,1
4.26834,1.5313,4.40836,1.52901,4.61222,1.56144,4.60837,1.59054,4.8481,1.22031,4.35081,1.48023,4.36441,1.42299,4.30594,1.46198,4.66531,1.2475,4.52582,1.34195,1
4.74782,1.54041,4.18543,1.36621,4.55215,1.57799,4.31499,1.36686,4.66808,1.81835,4.69102,1.60397,4.39301,1.4364,4.57061,1.31732,4.47541,1.65317,4.43911,1.76347,1
4.50329,1.27311,4.80568,1.53331,4.2879,1.34341,4.53862,1.4788,4.63972,1.27693,4.33529,1.48751,4.36467,1.15668,4.68651,1.72417,4.31388,1.43659,4.44658,1.51006,1
4.43827,1.47797,4.57469,1.54172,4.6144,1.66625,4.3973,1.49848,4.82771,1.94778,4.58071,1.64106,4.42222,1.45626,4.4971,1.30535,4.20809,1.24065,4.51119,1.35891,0
4.72367,1.75694,4.37146,1.54741,4.80491,1.42739,4.32367,1.45439,4.47253,1.86431,4.75015,1.70717,4.25759,1.36442,4.50624,1.30341,4.53497,1.6518,4.37932,1.32935,1
4.34346,1.33085,4.4967,1.36548,4.44581,1.43997,4.42284,1.41817,4.23429,1.21238,4.56793,1.6109,4.76013,1.69852,4.53007,1.40101,4.59385,1.5109,4.66806,1.5975,1
4.4391,1.59355,4.41563,1.31958,4.60659,1.62756,4.46512,1.25487,4.08394,1.29841,4.67377,1.68382,4.3644,1.50178,4.38908,1.35427,4.61672,1.72104,4.44335,1.37639,1
4.63377,1.53156,4.47026,1.55318,4.42551,1.30847,4.24447,1.36505,4.46763,1.44996,4.62927,1.50525,4.4033,1.34074,4.47443,1.40155,4.39305,1.43143,4.68767,1.65239,1
4.71479,1.61733,4.43309,1.68098,4.41068,1.33011,4.52598,1.70085,4.90897,1.18021,4.69847,1.73688,4.4077,1.26897,4.19866,1.53775,4.34876,1.55612,4.56745,1.76292,1
4.61089,1.65475,4.49969,1.2264,4.62974,1.56054,4.57138,1.49515,4.48205,1.43992,4.53082,1.70783,4.2799,1.31174,4.37885,1.37844,4.61367,1.65668,4.39291,1.32998,1
4.28306,1.29934,4.50231,1.26839,4.65011,1.44023,4.40235,1.23998,4.40342,1.74146,4.16693,1.14761,4.80606,1.69947,4.37415,1.40826,4.3515,1.55211,4.61999,1.52689,0
4.34989,1.39592,4.71553,1.75103,4.56993,1.63016,4.43353,1.50429,4.69114,1.55583,4.46513,1.70451,4.45671,1.27725,4.30998,1.21713,4.67068,1.61791,4.56963,1.56215,1
4.62562,1.86892,4.47195,1.31115,4.21295,1.38736,4.55773,1.68617,4.99763,1.45729,4.5756,1.51051,4.31612,1.43719,4.53853,1.69798,4.46645,1.35141,4.60254,1.48294,1
4.55055,1.56056,4.56277,1.44128,4.4704,1.68184,4.34897,1.41658,4.25333,1.49067,4.53361,1.31929,4.82074,1.68598,4.59694,1.76342,4.36795,1.29571,4.46314,1.66856,1
4.36369,1.35294,4.67145,1.4975,4.54637,1.21503,4.48434,1.5304,4.4543,1.99109,4.68734,1.58426,4.38353,1.4711,4.66164,1.47412,4.66791,1.58234,4.32516,1.51959,1
4.50633,1.55175,4.75473,1.51102,4.61977,1.71713,4.3958,1.43274,4.38226,1.68859,4.71727,1.45482,4.3215,1.43741,4.41738,1.52345,4.33684,1.50468,4.80397,1.7398,0
4.36781,1.57135,4.38369,1.30833,4.39685,1.38962,4.64838,1.47717,4.20346,1.01818,4.44329,1.60449,4.38882,1.37063,4.55761,1.65855,4.32636,1.51669,4.54014,1.33859,1
4.38693,1.47517,4.4388,1.53965,4.49732,1.6318,4.36244,1.24685,4.22017,1.58956,4.31379,1.36879,4.39627,1.34173,4.64595,1.51499,4.25451,1.34602,4.43321,1.72689,1
4.374,1.4933,4.49771,1.55834,4.63561,1.32809,4.68488,1.85023,4.60102,1.22768,4.73343,1.6799,4.41807,1.42901,4.40949,1.29633,4.69783,1.6008,4.47148,1.57547,1
4.57354,1.6416,4.32497,1.3796,4.34711,1.28517,4.36885,1.53316,4.10171,1.96323,4.45302,1.40016,4.6022,1.50848,4.35012,1.40371,4.35385,1.42671,4.43906,1.31348,0
4.60103,1.56574,4.53136,1.69595,4.62663,1.56025,4.30877,1.45537,4.69869,1.48133,4.21137,1.43814,4.44461,1.44102,4.46984,1.3924,4.68165,1.55445,4.59253,1.5189,1
4.33961,1.57413,4.68885,1.62302,4.62654,1.67085,4.3891,1.33397,4.40843,1.60368,4.45005,1.43928,4.53116,1.30056,4.7592,1.34682,4.40629,1.5162,4.3127,1.37127,1
4.58503,1.48521,4.52742,1.72603,4.37563,1.34778,4.36608,1.32976,4.38062,1.27342,4.77508,1.48061,4.73176,1.65251,4.61135,1.43031,4.64821,1.5198,4.46534,1.51298,0
4.76746,1.44691,4.83461,1.63158,4.54943,1.58061,4.64744,1.47768,4.8535,1.16529,4.15358,1.3996,4.47413,1.31604,4.71421,1.50576,4.5665,1.58945,4.52779,1.68601,1
4.69818,1.60787,4.54639,1.52712,4.30934,1.36967,4.31633,1.3206,4.01488,1.27648,4.43591,1.57443,4.70204,1.55263,4.67191,1.66077,4.5193,1.36975,4.59315,1.66085,1
4.38693,1.47517,4.4388,1.53965,4.49732,1.6318,4.36244,1.24685,4.22017,1.58956,4.31379,1.36879,4.39627,1.34173,4.64595,1.51499,4.25451,1.34602,4.43321,1.72689,1
4.45432,1.47462,4.44102,1.49957,4.32521,1.30324,4.6347,1.57233,4.31456,1.19049,4.45448,1.59118,4.69032,1.58706,4.33401,1.50731,4.41659,1.3828,4.72443,1.67166,1
4.56374,1.62391,4.37432,1.62159,4.43542,1.54669,4.2114,1.3886,4.26562,1.68877,4.43719,1.47431,4.55439,1.70449,4.48628,1.60682,4.37875,1.26811,4.67711,1.36626,1
4.4676,1.27802,4.43081,1.5171,4.41354,1.39209,4.38861,1.49923,4.59553,1.13278,4.57246,1.63085,4.35022,1.28329,4.7632,1.59136,4.36914,1.23063,4.41263,1.35838,1
4.54537,1.5432,4.50968,1.34396,4.37738,1.49942,4.40729,1.42375,4.07347,1.84392,4.4222,1.45694,4.34442,1.325,4.37053,1.52501,4.44728,1.77173,4.15885,1.32796,1
4.38805,1.49041,4.55596,1.55499,4.40715,1.27893,4.32717,1.31727,4.688,1.21629,4.61026,1.38975,4.45176,1.43378,4.42892,1.37877,4.70252,1.68044,4.62767,1.63425,1
4.45728,1.43369,4.16144,1.36607,4.79228,1.62896,4.40531,1.32104,4.40007,1.31066,4.28823,1.35333,4.51967,1.47643,4.50298,1.60445,4.35903,1.35501,4.63179,1.58302,1
4.33616,1.39624,4.50133,1.42833,4.31863,1.39543,4.35654,1.28191,4.21175,1.17324,4.59189,1.40431,4.59204,1.63899,4.62828,1.7295,4.70688,1.72165,4.38706,1.43128,1
4.59476,1.28339,4.45621,1.30855,4.46694,1.37619,4.44768,1.30857,4.21879,1.20056,4.57483,1.62304,4.46421,1.56842,4.42993,1.35182,4.65518,1.57666,4.56911,1.40742,1
4.39269,1.25137,4.69336,1.77453,4.64447,1.50834,4.49518,1.22973,4.81255,1.47739,4.70435,1.72365,4.5321,1.26536,4.53932,1.31794,4.38641,1.41205,4.51772,1.51938,1
4.47124,1.66812,4.68766,1.59725,4.43616,1.63822,4.56702,1.63736,4.66922,1.17536,4.29812,1.53823,4.34596,1.32551,4.40324,1.45908,4.66312,1.46901,4.34972,1.5421,1
4.19441,1.2458,4.65141,1.60272,4.58852,1.56003,4.55568,1.57271,4.86997,1.90182,4.34473,1.35842,4.4889,1.37692,4.40152,1.2915,4.60729,1.25358,4.442,1.65871,1
4.53441,1.60835,4.56138,1.41662,4.64291,1.39874,4.79233,1.63353,4.68492,1.17498,4.51058,1.4455,4.56439,1.52546,4.51621,1.79614,4.48382,1.44646,4.51237,1.55019,1
4.34978,1.40649,4.4187,1.42879,4.57968,1.51274,4.39815,1.28537,4.45171,1.22301,4.4086,1.54167,4.33708,1.50542,4.53194,1.66203,4.37869,1.62428,4.43533,1.47701,1
4.50058,1.3471,4.55244,1.56645,4.20072,1.56544,4.64788,1.68785,4.83066,1.61711,4.41629,1.41271,4.33466,1.36654,4.50788,1.5341,4.62752,1.67763,4.41449,1.41713,1
4.37943,1.31397,4.58835,1.48849,4.41124,1.49413,4.47579,1.68727,4.21199,1.38677,4.44011,1.37912,4.45263,1.36879,4.4454,1.52379,4.44448,1.48948,4.65008,1.67672,1
4.68433,1.51897,4.61548,1.58426,4.68504,1.36899,4.44285,1.55471,4.4177,1.01303,4.57881,1.58025,4.61048,1.49513,4.36299,1.34048,4.39465,1.41727,4.5904,1.34487,1
4.54338,1.57391,4.2944,1.3537,4.46408,1.39619,4.61414,1.63921,4.05606,1.73863,4.58618,1.80162,4.78304,1.4049,4.23657,1.41869,4.28542,1.48356,4.72431,1.56121,1
4.40068,1.3997,4.4106,1.33399,4.72497,1.36296,4.42734,1.25617,4.64943,1.84473,4.47403,1.63383,4.64052,1.50132,4.60588,1.63673,4.46746,1.21947,4.33323,1.40429,1
4.64647,1.45166,4.41214,1.30262,4.52327,1.56266,4.35261,1.3541,4.46687,1.58364,4.26979,1.46217,4.43475,1.68898,4.46323,1.34126,4.64329,1.5616,4.48097,1.37883,1
4.69477,1.48405,4.58417,1.55067,4.62567,1.66472,4.56693,1.51206,4.47778,1.24481,4.50909,1.59335,4.45973,1.30627,4.35418,1.49119,4.12052,1.4205,4.47467,1.53137,1
4.48353,1.40148,4.35091,1.20788,4.63519,1.57192,4.64198,1.71095,4.63234,1.28126,4.33002,1.32099,4.32986,1.59284,4.50778,1.64626,4.40003,1.34453,4.4988,1.48837,1
4.50767,1.65475,4.70105,1.65141,4.4769,1.16766,4.49919,1.44067,4.69701,1.47014,4.53987,1.62743,4.52212,1.60725,4.44219,1.28101,4.72364,1.58752,4.42167,1.52137,1
4.60802,1.40496,4.4179,1.31177,4.78845,1.53591,4.39296,1.43546,4.62627,1.60368,4.39431,1.50422,4.64316,1.53359,4.46624,1.60624,4.47258,1.59708,4.42613,1.48842,1
4.52687,1.4384,4.51794,1.62533,4.67295,1.72714,4.48878,1.33953,4.11776,1.16913,4.41013,1.45334,4.62607,1.51981,4.6749,1.72428,4.67121,1.61658,4.20581,1.46968,1
4.68972,1.49382,4.55853,1.52629,4.59986,1.6406,4.708,1.59663,4.70463,1.12887,4.68291,1.43923,4.55282,1.50802,4.55566,1.7089,4.57029,1.74292,4.50629,1.36907,1
4.66638,1.87461,4.59256,1.4237,4.23264,1.39183,4.57979,1.5838,4.48153,1.0222,4.27511,1.35613,4.47801,1.47184,4.53996,1.4671,4.41633,1.50302,4.30193,1.47235,1
4.48419,1.40632,4.70497,1.64527,4.49388,1.65796,4.64256,1.42532,4.75592,1.00158,4.51983,1.39408,4.30527,1.42957,4.46664,1.52151,4.23159,1.46532,4.3735,1.38587,1
4.68972,1.49382,4.55853,1.52629,4.59986,1.6406,4.708,1.59663,4.70463,1.12887,4.68291,1.43923,4.55282,1.50802,4.55566,1.7089,4.57029,1.74292,4.50629,1.36907,1
4.52779,1.53288,4.45034,1.61028,4.50132,1.69796,4.4287,1.4304,4.21924,1.61374,4.304,1.33617,4.58813,1.72505,4.17097,1.52549,4.26381,1.52168,4.37413,1.39948,1
4.69933,1.78923,4.26576,1.47173,4.32213,1.29638,4.75992,1.5207,4.14743,1.9829,4.52223,1.59826,4.47718,1.60777,4.45247,1.53025,4.31333,1.37076,4.71889,1.72369,0
4.5457,1.60415,4.46463,1.48043,4.33413,1.491,4.75233,1.58581,4.28176,1.0401,4.53136,1.46688,4.57693,1.70812,4.61222,1.69591,4.31222,1.24348,4.3581,1.4115,1
4.2923,1.2149,4.53609,1.38964,4.73792,1.66671,4.62888,1.69333,4.80104,1.38126,4.70836,1.57562,4.47508,1.66452,4.61387,1.60174,4.26783,1.29371,4.47936,1.31104,1
4.63546,1.61431,4.49223,1.64933,4.65935,1.4082,4.65372,1.67427,4.18212,1.04905,4.70067,1.60343,4.48244,1.51417,4.36294,1.4695,4.46743,1.36104,4.63642,1.61568,1
4.45556,1.16058,4.60885,1.58691,4.79071,1.52463,4.67094,1.69526,4.96819,1.00123,4.49741,1.61459,4.65879,1.56871,4.43619,1.32104,4.41635,1.53918,4.31649,1.36601,1
4.47124,1.66812,4.68766,1.59725,4.43616,1.63822,4.56702,1.63736,4.66922,1.17536,4.29812,1.53823,4.34596,1.32551,4.40324,1.45908,4.66312,1.46901,4.34972,1.5421,1
4.63036,1.71716,4.50312,1.49106,4.55992,1.7287,4.36145,1.25554,4.92039,1.03786,4.3971,1.44798,4.57329,1.15994,4.57213,1.38474,4.26234,1.40411,4.44473,1.42872,1
4.48594,1.39014,4.59857,1.64692,4.82501,1.58409,4.3212,1.47041,4.29775,1.34696,4.52955,1.6936,4.64327,1.34917,4.43697,1.46349,4.42516,1.42559,4.41166,1.45849,1
4.52456,1.51371,4.59178,1.56729,4.51464,1.4506,4.52138,1.61241,4.22398,1.16978,4.58365,1.78381,4.44125,1.61416,4.49175,1.38698,4.3531,1.33036,4.42307,1.50584,1
4.15775,1.41931,4.3558,1.397,4.62449,1.72387,4.4892,1.2111,4.37269,1.10366,4.50151,1.617,4.49988,1.51195,4.28237,1.47163,4.62103,1.74228,4.65097,1.63107,1
4.69619,1.5668,4.52312,1.51355,4.22541,1.34728,4.56248,1.29333,4.06081,1.48469,4.49957,1.31612,4.74931,1.70663,4.34382,1.37046,4.45524,1.66469,4.37261,1.43628,1
4.74473,1.78066,4.57757,1.68669,4.41697,1.31307,4.68212,1.47007,4.62401,1.62148,4.52495,1.4877,4.51664,1.41266,4.51466,1.4065,4.76823,1.56725,4.57044,1.52704,1
4.36037,1.45678,4.52018,1.64467,4.59116,1.48994,4.56052,1.4642,4.27945,1.20478,4.41629,1.63648,4.39875,1.43195,4.50746,1.59841,4.48003,1.35338,4.60631,1.41258,1
4.47559,1.44057,4.35923,1.42835,4.42311,1.39474,4.40577,1.55966,4.80999,1.04164,4.72945,1.48048,4.55273,1.39843,4.34705,1.42467,4.36552,1.32017,4.54662,1.55147,1
4.33143,1.43982,4.59195,1.58004,4.55636,1.69614,4.72611,1.60514,4.63761,1.36998,4.19757,1.57714,4.63487,1.63849,4.27367,1.50921,4.23965,1.51961,4.32506,1.38084,1
4.53805,1.37211,4.31135,1.53461,4.57855,1.65215,4.35777,1.63163,4.6002,1.28431,4.5224,1.4717,4.51334,1.5948,4.72618,1.66421,4.58521,1.5013,4.40701,1.56254,1
4.71718,1.62682,4.54968,1.56388,4.5327,1.66361,4.39121,1.38045,4.08366,1.35056,4.67332,1.47993,4.63238,1.45623,4.40209,1.61805,4.62582,1.53024,4.46922,1.81104,1
4.48499,1.32955,4.29935,1.36677,4.62667,1.5891,4.26523,1.42797,4.22375,1.85878,4.56248,1.67677,4.6148,1.79027,4.28498,1.39192,4.59526,1.25974,4.42604,1.5361,0
4.64647,1.45166,4.41214,1.30262,4.52327,1.56266,4.35261,1.3541,4.46687,1.58364,4.26979,1.46217,4.43475,1.68898,4.46323,1.34126,4.64329,1.5616,4.48097,1.37883,1
4.4262,1.63813,4.41226,1.62204,4.38174,1.29392,4.46078,1.61955,4.68567,1.63517,4.27835,1.51339,4.56432,1.67816,4.56497,1.76305,4.28241,1.32851,4.37108,1.4309,1
4.46397,1.28788,4.49768,1.67455,4.42845,1.43589,4.52957,1.24939,4.37602,1.10445,4.58638,1.63969,4.59324,1.53259,4.54271,1.34968,4.39969,1.3049,4.26457,1.30353,1
4.40853,1.38815,4.70826,1.54014,4.73177,1.68163,4.57116,1.68091,4.04571,1.17667,4.61625,1.51795,4.34457,1.41087,4.45285,1.63363,4.41951,1.42927,4.55801,1.68478,1
4.60846,1.76485,4.4006,1.38667,4.4333,1.56232,4.19792,1.35871,4.20498,1.17528,4.34095,1.41508,4.57759,1.81562,4.48384,1.60346,4.62997,1.6631,4.34532,1.46389,1
4.54252,1.47008,4.34693,1.40277,4.41911,1.37361,4.65681,1.42163,4.28563,1.53563,4.36867,1.40493,4.52244,1.41491,4.28844,1.34518,4.54305,1.73895,4.38872,1.4843,1
4.38805,1.49041,4.55596,1.55499,4.40715,1.27893,4.32717,1.31727,4.688,1.21629,4.61026,1.38975,4.45176,1.43378,4.42892,1.37877,4.70252,1.68044,4.62767,1.63425,1
4.5397,1.53865,4.67479,1.65631,4.5204,1.28846,4.4118,1.39407,4.06761,1.08921,4.62707,1.77861,4.54908,1.37,4.33114,1.34745,4.56773,1.80061,4.45775,1.64815,1
4.56334,1.71969,4.57964,1.50328,4.61498,1.55785,4.5836,1.33938,4.43713,1.62311,4.60329,1.67187,4.302,1.40016,4.47754,1.38342,4.42377,1.42839,4.72274,1.38824,1
4.29336,1.47621,4.30394,1.34817,4.50498,1.43218,4.68106,1.59576,4.96702,1.9604,4.45634,1.23853,4.26343,1.424,4.75224,1.55402,4.46384,1.2307,4.5274,1.61787,0
4.56334,1.71969,4.57964,1.50328,4.61498,1.55785,4.5836,1.33938,4.43713,1.62311,4.60329,1.67187,4.302,1.40016,4.47754,1.38342,4.42377,1.42839,4.72274,1.38824,1
4.80084,1.62472,4.35498,1.46682,4.474,1.68823,4.28975,1.30884,4.48491,1.46703,4.4978,1.30643,4.50183,1.5253,4.47801,1.63156,4.47476,1.42956,4.72863,1.68995,1
4.81879,1.42562,4.59164,1.60604,4.54319,1.59755,4.28014,1.27735,4.60937,1.3918,4.71114,1.48218,4.31804,1.5614,4.39635,1.37365,4.50133,1.45387,4.55426,1.6138,1
4.19437,1.28475,4.50311,1.62692,4.64266,1.49217,4.68908,1.67257,4.01089,1.34372,4.34113,1.29802,4.22527,1.43332,4.40454,1.40945,4.32841,1.52536,4.3665,1.335,1
4.24398,1.23974,4.35125,1.44224,4.68102,1.66249,4.47539,1.47074,4.07279,1.29574,4.69354,1.5449,4.44106,1.47604,4.45251,1.60474,4.5433,1.62239,4.5954,1.14693,1
4.40032,1.34213,4.61483,1.71907,4.55867,1.74281,4.67072,1.6025,4.71961,1.07942,4.79743,1.73742,4.6411,1.67572,4.48198,1.33897,4.4311,1.3966,4.73393,1.72387,1
4.40638,1.41978,4.6803,1.55686,4.57271,1.69606,4.64188,1.52552,4.63159,1.01615,4.64138,1.54217,4.52417,1.77664,4.59959,1.50247,4.31424,1.42537,4.45072,1.54007,1
4.51198,1.29333,4.39938,1.29523,4.77516,1.4792,4.55528,1.59306,4.35648,1.60009,4.66642,1.49496,4.54798,1.38344,4.50314,1.42781,4.50128,1.35955,4.27891,1.6031,0
4.61628,1.42391,4.64607,1.77439,4.49532,1.60535,4.4854,1.38501,4.85892,1.4833,4.27452,1.30834,4.62597,1.55021,4.57052,1.46557,4.52091,1.60333,4.51792,1.28352,1
4.64838,1.51154,4.63234,1.39633,4.56887,1.25589,4.33748,1.43564,4.38523,1.01331,4.47305,1.375,4.65523,1.55222,4.58401,1.6198,4.42749,1.50775,4.22482,1.45825,1
4.62562,1.86892,4.47195,1.31115,4.21295,1.38736,4.55773,1.68617,4.99763,1.45729,4.5756,1.51051,4.31612,1.43719,4.53853,1.69798,4.46645,1.35141,4.60254,1.48294,1
4.51274,1.6142,4.55869,1.55309,4.57485,1.50909,4.34065,1.36101,4.80633,1.08796,4.48062,1.50661,4.50645,1.7154,4.42964,1.43739,4.50174,1.76753,4.58992,1.64602,1
4.4391,1.59355,4.41563,1.31958,4.60659,1.62756,4.46512,1.25487,4.08394,1.29841,4.67377,1.68382,4.3644,1.50178,4.38908,1.35427,4.61672,1.72104,4.44335,1.37639,1
4.43827,1.47797,4.57469,1.54172,4.6144,1.66625,4.3973,1.49848,4.82771,1.94778,4.58071,1.64106,4.42222,1.45626,4.4971,1.30535,4.20809,1.24065,4.51119,1.35891,0
4.61912,1.48424,4.84429,1.60308,4.55483,1.57447,4.56919,1.49456,4.46805,1.88425,4.4466,1.77835,4.54549,1.68041,4.32328,1.35818,4.43607,1.35178,4.68685,1.74774,1
4.34346,1.33085,4.4967,1.36548,4.44581,1.43997,4.42284,1.41817,4.23429,1.21238,4.56793,1.6109,4.76013,1.69852,4.53007,1.40101,4.59385,1.5109,4.66806,1.5975,1
4.2869,1.37692,4.46367,1.54016,4.62133,1.49918,4.3434,1.49939,4.52879,1.04941,4.48306,1.55005,4.73594,1.66905,4.48529,1.44734,4.66168,1.68716,4.54811,1.4872,1
4.13123,1.42618,4.50061,1.91922,4.42569,1.31422,4.42281,1.22203,4.45022,1.72297,4.40667,1.40461,4.27042,1.42298,4.51466,1.31433,4.64296,1.56706,4.41771,1.49731,1
4.54338,1.57391,4.2944,1.3537,4.46408,1.39619,4.61414,1.63921,4.05606,1.73863,4.58618,1.80162,4.78304,1.4049,4.23657,1.41869,4.28542,1.48356,4.72431,1.56121,1
4.63794,1.55168,4.25254,1.38113,4.59871,1.48023,4.68649,1.64514,4.98099,1.07011,4.63638,1.6226,4.22788,1.35451,4.71368,1.56527,4.39014,1.42055,4.39299,1.40242,1
4.49245,1.45247,4.7392,1.55585,4.64983,1.66037,4.37439,1.4014,4.05822,1.96354,4.38977,1.48174,4.30335,1.38738,4.43301,1.4546,4.39576,1.48533,4.47208,1.43811,1
4.80084,1.62472,4.35498,1.46682,4.474,1.68823,4.28975,1.30884,4.48491,1.46703,4.4978,1.30643,4.50183,1.5253,4.47801,1.63156,4.47476,1.42956,4.72863,1.68995,1
4.66071,1.71064,4.44968,1.47442,4.40699,1.67741,4.50901,1.49419,4.7237,1.14296,4.70094,1.63604,4.69911,1.63037,4.42716,1.36596,4.67131,1.6186,4.38179,1.40387,1
4.39544,1.47673,4.36295,1.29145,4.47111,1.42226,4.60696,1.65445,4.87639,1.02828,4.24364,1.30522,4.45634,1.43411,4.48318,1.3508,4.33097,1.54782,4.53306,1.48029,1
4.33309,1.40149,4.61372,1.54833,4.60035,1.41348,4.56951,1.68679,4.05354,1.6917,4.32501,1.30213,4.37127,1.26852,4.64083,1.58401,4.53699,1.49043,4.43794,1.48101,1
4.35438,1.33186,4.39508,1.37741,4.39666,1.61352,4.5895,1.44113,4.8386,1.70939,4.28919,1.54273,4.47883,1.4277,4.41758,1.65578,4.56703,1.59922,4.48848,1.51481,1
4.68433,1.51897,4.61548,1.58426,4.68504,1.36899,4.44285,1.55471,4.4177,1.01303,4.57881,1.58025,4.61048,1.49513,4.36299,1.34048,4.39465,1.41727,4.5904,1.34487,1
4.40265,1.21844,4.50945,1.30954,4.50018,1.35029,4.53182,1.49371,4.81233,1.61411,4.4637,1.58626,4.48449,1.53495,4.28096,1.36378,4.57321,1.4424,4.57125,1.24196,1
4.73817,1.51715,4.48033,1.53457,4.59388,1.71123,4.59967,1.68519,4.189,1.02522,4.49219,1.38499,4.33022,1.32714,4.41204,1.31892,4.47912,1.39188,4.59874,1.60169,1
4.35992,1.27607,4.52638,1.39934,4.22474,1.42007,4.34355,1.38519,4.8364,1.72546,4.39374,1.53376,4.96129,1.60901,4.06678,1.62111,4.22596,1.28377,4.43502,1.48776,1
4.47886,1.54213,4.67434,1.79514,4.39092,1.19953,4.50896,1.27957,4.02314,1.81648,4.45056,1.5415,4.51334,1.5233,4.80029,1.49993,4.41326,1.36542,4.69102,1.70919,1
4.4894,1.16536,4.53113,1.7216,4.53472,1.59862,4.50085,1.58552,4.00251,1.97875,4.33582,1.43409,4.57409,1.41388,4.58063,1.74809,4.58215,1.67754,4.55382,1.62835,0
4.26231,1.39059,4.66617,1.6449,4.67974,1.46889,4.65793,1.61581,4.61033,1.44016,4.61184,1.62187,4.28096,1.53228,4.75791,1.62987,4.49639,1.3688,4.49958,1.59998,1
4.53272,1.71383,4.51501,1.50498,4.45869,1.56245,4.51284,1.5141,4.84107,1.6079,4.5545,1.53259,4.33541,1.29742,4.48561,1.56546,4.503,1.56323,4.37444,1.53978,1
4.31953,1.33901,4.68906,1.60426,4.69072,1.76453,4.66918,1.65663,4.86759,1.63334,4.44073,1.39273,4.63227,1.86394,4.27379,1.3068,4.24981,1.41445,4.58447,1.6732,1
4.42335,1.52262,4.46223,1.39218,4.5926,1.59028,4.52217,1.64231,4.6611,1.59436,4.50355,1.55666,4.77373,1.52194,4.57018,1.45949,4.55043,1.39322,4.29852,1.27665,1
4.55739,1.23544,4.54032,1.60421,4.65558,1.63121,4.57052,1.54247,4.25858,1.14687,4.46587,1.48143,4.65947,1.51651,4.24396,1.56171,4.58205,1.35809,4.8506,1.55649,1
4.3246,1.41598,4.35296,1.20616,4.19649,1.33672,4.51337,1.41548,4.83431,1.12003,4.44069,1.76218,4.44641,1.42703,4.49014,1.46799,4.62202,1.45526,4.57163,1.57121,1
4.70821,1.64013,4.62971,1.63563,4.55846,1.68866,4.65572,1.75029,4.6597,1.20287,4.55663,1.76208,4.5934,1.52848,4.32642,1.47105,4.41819,1.27674,4.43679,1.25689,1
4.33616,1.39624,4.50133,1.42833,4.31863,1.39543,4.35654,1.28191,4.21175,1.17324,4.59189,1.40431,4.59204,1.63899,4.62828,1.7295,4.70688,1.72165,4.38706,1.43128,1
4.64607,1.64766,4.57602,1.67392,4.57539,1.77997,4.70759,1.54042,4.17158,1.1057,4.7245,1.47308,4.502,1.67458,4.35221,1.27798,4.4731,1.59676,4.61387,1.73696,1
4.59517,1.28365,4.54251,1.52035,4.38037,1.57552,4.56693,1.20759,4.47039,1.73851,4.78416,1.80088,4.33712,1.48787,4.66633,1.64825,4.52512,1.51853,4.54964,1.64053,1
4.59242,1.52872,4.54289,1.65243,4.47465,1.43087,4.28603,1.54475,4.45466,1.92364,4.26424,1.35832,4.75616,1.58092,4.62333,1.64997,4.67846,1.65133,4.49328,1.43936,1
4.27755,1.50608,4.66299,1.68052,4.52369,1.56822,4.35105,1.39784,4.12846,1.05393,4.37825,1.4336,4.44946,1.55651,4.67842,1.60756,4.58771,1.57443,4.57966,1.77313,1
4.47321,1.45949,4.46049,1.64396,4.55941,1.30719,4.61361,1.3958,4.0489,1.07153,4.29446,1.36992,4.63566,1.62624,4.38602,1.28717,4.44567,1.5582,4.47059,1.41784,1
4.62895,1.6071,4.5792,1.52491,4.45499,1.42282,4.54793,1.22375,4.08221,1.16676,4.62912,1.46988,4.14829,1.36704,4.72188,1.50878,4.6557,1.68262,4.63738,1.57476,1
4.34883,1.4247,4.65665,1.40672,4.54183,1.36505,4.48572,1.55831,4.27186,1.0897,4.87109,1.59998,4.50865,1.30855,4.68333,1.69635,4.46926,1.7117,4.6759,1.74842,1
4.51852,1.66282,4.81557,1.63054,4.7931,1.71302,4.70068,1.76255,4.02291,1.6827,4.53924,1.73013,4.45836,1.31381,4.31182,1.51054,4.52156,1.56364,4.62051,1.63637,1
4.62688,1.57424,4.58256,1.50941,4.61229,1.59704,4.36837,1.38065,4.63539,1.70778,4.46323,1.55617,4.70841,1.63525,4.64164,1.70656,4.48154,1.61395,4.39401,1.32563,1
4.48896,1.4883,4.57381,1.58843,4.69995,1.61689,4.34317,1.50846,4.87138,1.15813,4.6955,1.51066,4.4246,1.47814,4.52565,1.7103,4.65182,1.53462,4.25804,1.34379,1
4.32532,1.48825,4.5831,1.61321,4.30572,1.49698,4.55755,1.30054,4.8742,1.64574,4.2254,1.39911,4.71312,1.38856,4.50183,1.35134,4.54582,1.42943,4.51979,1.27333,1
4.39596,1.35491,4.46772,1.64068,4.66873,1.58114,4.5291,1.61306,4.82377,1.79444,4.56663,1.53032,4.56459,1.53147,4.25208,1.44905,4.76922,1.76191,4.66632,1.68583,1
4.61197,1.69454,4.76832,1.65652,4.30077,1.38726,4.48217,1.53099,4.2443,1.15769,4.70015,1.40032,4.20383,1.359,4.48495,1.60689,4.71723,1.46394,4.27052,1.53999,1
4.58691,1.70653,4.62749,1.72018,4.36326,1.58326,4.61126,1.69223,4.07246,1.11406,4.34874,1.41517,4.52538,1.3622,4.63821,1.67626,4.49237,1.22631,4.52736,1.32047,1
4.59589,1.65956,4.58544,1.54443,4.64308,1.50697,4.75477,1.67938,4.89615,1.54061,4.3451,1.3137,4.46232,1.51642,4.4638,1.35817,4.50083,1.64767,4.39648,1.43885,1
4.70769,1.53125,4.62681,1.74668,4.5745,1.77612,4.52224,1.66551,4.24874,1.9544,4.47634,1.33204,4.67327,1.53891,4.59188,1.68613,4.74386,1.65015,4.46629,1.74144,1
4.42065,1.33346,4.50392,1.24073,4.45392,1.47579,4.39569,1.5375,4.39839,1.16906,4.674,1.57698,4.20663,1.37394,4.23382,1.32563,4.59818,1.61293,4.26644,1.35276,1
4.59517,1.28365,4.54251,1.52035,4.38037,1.57552,4.56693,1.20759,4.47039,1.73851,4.78416,1.80088,4.33712,1.48787,4.66633,1.64825,4.52512,1.51853,4.54964,1.64053,1
4.41093,1.44952,4.6883,1.60494,4.32218,1.17048,4.6637,1.62685,4.29954,1.35402,4.56884,1.43251,4.77792,1.50023,4.63352,1.62915,4.53545,1.54674,4.38098,1.55544,1
4.76653,1.67555,4.41435,1.42837,4.56783,1.51316,4.6154,1.69472,4.5752,1.99157,4.37735,1.42479,4.4103,1.67541,4.6714,1.53775,4.36159,1.40901,4.43615,1.60315,0
4.45523,1.46899,4.60141,1.56897,4.34582,1.41192,4.46908,1.32474,4.8985,1.09487,4.57266,1.66789,4.23369,1.27777,4.56345,1.62232,4.34719,1.38992,4.64356,1.55166,1
4.43391,1.58875,4.3174,1.45162,4.6408,1.52775,4.53277,1.28489,4.26668,1.03542,4.64669,1.56372,4.51957,1.25872,4.39103,1.42603,4.69974,1.5694,4.28748,1.50295,1
4.52637,1.73129,4.615,1.62909,4.32019,1.42781,4.34175,1.42231,4.84821,1.32192,4.50012,1.64693,4.27044,1.24815,4.66808,1.72355,4.73449,1.66933,4.51378,1.32793,1
4.29772,1.67457,4.4441,1.46552,4.49084,1.46184,4.2808,1.37553,4.9068,1.23434,4.32876,1.46421,4.74378,1.56001,4.43319,1.39708,4.21605,1.21585,4.57315,1.62492,1
4.74939,1.4502,4.66096,1.60703,4.60091,1.63215,4.54294,1.60408,4.87657,1.27298,4.39889,1.37113,4.36568,1.52131,4.46071,1.3244,4.59259,1.56052,4.66876,1.71728,1
4.28945,1.35621,4.35035,1.31891,4.368,1.31413,4.50848,1.26597,4.19843,1.09898,4.70368,1.64958,4.52653,1.47897,4.61204,1.37025,4.40473,1.67125,4.33211,1.39149,1
4.36037,1.45678,4.52018,1.64467,4.59116,1.48994,4.56052,1.4642,4.27945,1.20478,4.41629,1.63648,4.39875,1.43195,4.50746,1.59841,4.48003,1.35338,4.60631,1.41258,1
4.48642,1.21767,4.27861,1.50177,4.68981,1.75642,4.64277,1.62193,4.03533,1.09843,4.48049,1.35295,4.30686,1.30814,4.54076,1.51302,4.64735,1.65529,4.70574,1.59522,1
4.35097,1.46003,4.42529,1.47931,4.66185,1.74685,4.45723,1.51071,4.20941,1.14042,4.27857,1.42932,4.45412,1.40032,4.61684,1.54242,4.47429,1.45869,4.40052,1.39495,1
4.48902,1.67906,4.51833,1.5223,4.53143,1.60531,4.77542,1.47224,4.22967,1.26209,4.22182,1.53002,4.71252,1.55399,4.8629,1.6304,4.46093,1.58238,4.41526,1.43113,1
4.48365,1.51195,4.30231,1.35916,4.61502,1.62105,4.4481,1.57048,4.28364,1.115,4.40166,1.47741,4.61616,1.48162,4.40363,1.31103,4.41221,1.51699,4.72377,1.90843,1
4.81879,1.42562,4.59164,1.60604,4.54319,1.59755,4.28014,1.27735,4.60937,1.3918,4.71114,1.48218,4.31804,1.5614,4.39635,1.37365,4.50133,1.45387,4.55426,1.6138,1
4.62357,1.62611,4.34556,1.64332,4.53822,1.55959,4.4649,1.46072,4.37643,1.98573,4.7782,1.56482,4.60376,1.48696,4.37511,1.28322,4.48358,1.40747,4.53428,1.73663,0
4.3955,1.40299,4.63801,1.44535,4.34275,1.3831,4.29933,1.44365,4.42179,1.19657,4.5825,1.62453,4.53562,1.59042,4.4252,1.65838,4.52336,1.67244,4.27804,1.48052,1
4.48419,1.40632,4.70497,1.64527,4.49388,1.65796,4.64256,1.42532,4.75592,1.00158,4.51983,1.39408,4.30527,1.42957,4.46664,1.52151,4.23159,1.46532,4.3735,1.38587,1
4.62694,1.56805,4.69834,1.60462,4.50156,1.70936,4.5542,1.52454,4.42584,1.7341,4.60633,1.65622,4.43068,1.30524,4.10977,1.47987,4.35778,1.37004,4.36446,1.49705,1
4.26834,1.5313,4.40836,1.52901,4.61222,1.56144,4.60837,1.59054,4.8481,1.22031,4.35081,1.48023,4.36441,1.42299,4.30594,1.46198,4.66531,1.2475,4.52582,1.34195,1
4.74782,1.54041,4.18543,1.36621,4.55215,1.57799,4.31499,1.36686,4.66808,1.81835,4.69102,1.60397,4.39301,1.4364,4.57061,1.31732,4.47541,1.65317,4.43911,1.76347,1
4.55514,1.37861,4.76966,1.77452,4.65805,1.67455,4.31258,1.35862,4.78036,1.10702,4.72701,1.58928,4.58405,1.6346,4.66637,1.61312,4.31966,1.41893,4.60901,1.38118,1
4.56972,1.58196,4.45348,1.30608,4.66446,1.47853,4.30279,1.58849,4.8379,1.88181,4.61501,1.40014,4.66067,1.46383,4.56815,1.67399,4.51284,1.83661,4.57373,1.47636,1
4.59656,1.47396,4.39826,1.54749,4.48478,1.5605,4.41459,1.35081,4.32122,1.18037,4.2715,1.36427,4.54147,1.38758,4.33009,1.20378,4.40396,1.31315,4.59264,1.59546,1
4.32268,1.22312,4.4627,1.46887,4.66541,1.52734,4.58089,1.75005,4.48554,1.5228,4.50437,1.68415,4.38154,1.24061,4.24485,1.27407,4.55787,1.54859,4.17264,1.30312,1
4.58376,1.62014,4.34593,1.50284,4.55459,1.60153,4.31741,1.40453,4.46375,1.27462,4.69637,1.47612,4.51818,1.67788,4.47993,1.60757,4.34652,1.42449,4.73985,1.67621,1
4.48365,1.51195,4.30231,1.35916,4.61502,1.62105,4.4481,1.57048,4.28364,1.115,4.40166,1.47741,4.61616,1.48162,4.40363,1.31103,4.41221,1.51699,4.72377,1.90843,1
4.45728,1.43369,4.16144,1.36607,4.79228,1.62896,4.40531,1.32104,4.40007,1.31066,4.28823,1.35333,4.51967,1.47643,4.50298,1.60445,4.35903,1.35501,4.63179,1.58302,1
4.54252,1.47008,4.34693,1.40277,4.41911,1.37361,4.65681,1.42163,4.28563,1.53563,4.36867,1.40493,4.52244,1.41491,4.28844,1.34518,4.54305,1.73895,4.38872,1.4843,1
4.55018,1.74908,4.39359,1.44384,4.60813,1.70692,4.50293,1.41068,4.01478,1.20599,4.44236,1.33375,4.46764,1.3772,4.6286,1.63826,4.26644,1.39518,4.74705,1.44057,1
4.51456,1.5787,4.35978,1.34997,4.62648,1.56201,4.6746,1.61507,4.90727,1.45761,4.27049,1.33697,4.33504,1.34597,4.60777,1.49499,4.06013,1.44327,4.41426,1.43582,0
4.26231,1.39059,4.66617,1.6449,4.67974,1.46889,4.65793,1.61581,4.61033,1.44016,4.61184,1.62187,4.28096,1.53228,4.75791,1.62987,4.49639,1.3688,4.49958,1.59998,1
4.56374,1.62391,4.37432,1.62159,4.43542,1.54669,4.2114,1.3886,4.26562,1.68877,4.43719,1.47431,4.55439,1.70449,4.48628,1.60682,4.37875,1.26811,4.67711,1.36626,1
4.53441,1.60835,4.56138,1.41662,4.64291,1.39874,4.79233,1.63353,4.68492,1.17498,4.51058,1.4455,4.56439,1.52546,4.51621,1.79614,4.48382,1.44646,4.51237,1.55019,1
4.19441,1.2458,4.65141,1.60272,4.58852,1.56003,4.55568,1.57271,4.86997,1.90182,4.34473,1.35842,4.4889,1.37692,4.40152,1.2915,4.60729,1.25358,4.442,1.65871,1
4.74473,1.78066,4.57757,1.68669,4.41697,1.31307,4.68212,1.47007,4.62401,1.62148,4.52495,1.4877,4.51664,1.41266,4.51466,1.4065,4.76823,1.56725,4.57044,1.52704,1
4.29772,1.67457,4.4441,1.46552,4.49084,1.46184,4.2808,1.37553,4.9068,1.23434,4.32876,1.46421,4.74378,1.56001,4.43319,1.39708,4.21605,1.21585,4.57315,1.62492,1
4.37959,1.37069,4.67352,1.56792,4.63509,1.64638,4.39615,1.22812,4.06164,1.17243,4.32003,1.454,4.53134,1.48346,4.54709,1.52439,4.47463,1.68511,4.56045,1.61698,1
4.50727,1.37488,4.42238,1.61067,4.33323,1.41667,4.4922,1.25799,4.92311,1.74655,4.3146,1.72128,4.44706,1.46905,4.57288,1.33483,4.31429,1.82531,4.59799,1.24086,0
4.50946,1.47284,4.51787,1.44598,4.78435,1.75616,4.71207,1.66021,4.2159,1.21738,4.48688,1.53116,4.455,1.39744,4.28666,1.45641,4.40367,1.52443,4.47511,1.49096,1
4.64068,1.43138,4.53342,1.40474,4.65313,1.61489,4.48538,1.58576,4.48031,1.38409,4.64149,1.47856,4.63647,1.6104,4.46496,1.26584,4.722,1.50995,4.56537,1.71426,1
4.2923,1.2149,4.53609,1.38964,4.73792,1.66671,4.62888,1.69333,4.80104,1.38126,4.70836,1.57562,4.47508,1.66452,4.61387,1.60174,4.26783,1.29371,4.47936,1.31104,1
4.27452,1.55675,4.61174,1.46888,4.53786,1.53846,4.74381,1.5589,4.88027,1.5387,4.71371,1.59631,4.45933,1.64303,4.41243,1.51198,4.60602,1.46265,4.44379,1.54214,1
4.374,1.4933,4.49771,1.55834,4.63561,1.32809,4.68488,1.85023,4.60102,1.22768,4.73343,1.6799,4.41807,1.42901,4.40949,1.29633,4.69783,1.6008,4.47148,1.57547,1
4.31367,1.40787,4.51355,1.6326,4.60955,1.59664,4.46335,1.38001,4.42296,1.58102,4.41779,1.35658,4.51283,1.63434,4.56565,1.38537,4.42649,1.4731,4.69156,1.60638,1
4.53093,1.53309,4.40339,1.37666,4.3085,1.518,4.54538,1.42455,4.1056,1.38783,4.58423,1.82284,4.50475,1.5417,4.41584,1.38308,4.4136,1.39443,4.38887,1.45676,1
4.37042,1.59683,4.45792,1.48844,4.63937,1.62509,4.35271,1.35188,4.43835,1.03973,4.49519,1.78926,4.50523,1.59104,4.68702,1.56855,4.55257,1.42015,4.84232,1.67208,1
4.40032,1.34213,4.61483,1.71907,4.55867,1.74281,4.67072,1.6025,4.71961,1.07942,4.79743,1.73742,4.6411,1.67572,4.48198,1.33897,4.4311,1.3966,4.73393,1.72387,1
4.41655,1.49218,4.41405,1.39332,4.50416,1.64721,4.46075,1.47722,4.84907,1.14257,4.37552,1.36821,4.58265,1.76928,4.6628,1.66851,4.57098,1.62426,4.59605,1.6199,1
4.61912,1.48424,4.84429,1.60308,4.55483,1.57447,4.56919,1.49456,4.46805,1.88425,4.4466,1.77835,4.54549,1.68041,4.32328,1.35818,4.43607,1.35178,4.68685,1.74774,1
4.82626,1.40483,4.64851,1.50741,4.46692,1.33548,4.61656,1.51323,4.06131,1.35768,4.32002,1.37051,4.53635,1.50014,4.5136,1.46178,4.5279,1.43597,4.27163,1.31737,1
4.50887,1.66572,4.65211,1.78222,4.49619,1.33147,4.2463,1.5916,4.68067,1.27402,4.72237,1.51318,4.61877,1.72788,4.45211,1.50915,4.55589,1.63406,4.33975,1.41355,1
4.46518,1.58405,4.43015,1.54715,4.57777,1.80764,4.37848,1.23578,4.07605,1.00217,4.31036,1.38126,4.47593,1.41294,4.26732,1.41324,4.38707,1.43871,4.70546,1.58045,1
4.7902,1.79858,4.67354,1.49196,4.50848,1.29985,4.44157,1.62017,4.03365,1.53011,4.6201,1.60119,4.47036,1.63962,4.67452,1.58879,4.37821,1.49935,4.2604,1.37302,1
4.41246,1.507,4.35799,1.30698,4.56525,1.74029,4.60729,1.63677,4.26467,1.48092,4.59761,1.62945,4.60108,1.62633,4.68303,1.58808,4.68485,1.65344,4.5669,1.64394,1
4.32286,1.32846,4.53469,1.7038,4.72012,1.60967,4.6392,1.20922,4.89373,1.0705,4.4386,1.3872,4.62493,1.58038,4.42448,1.4721,4.20088,1.22543,4.44637,1.48164,1
4.39863,1.54927,4.4131,1.42788,4.51019,1.5773,4.50267,1.32384,4.4717,1.85173,4.45582,1.60451,4.64712,1.59437,4.38984,1.53308,4.42737,1.60663,4.60646,1.47545,1
4.35097,1.46003,4.42529,1.47931,4.66185,1.74685,4.45723,1.51071,4.20941,1.14042,4.27857,1.42932,4.45412,1.40032,4.61684,1.54242,4.47429,1.45869,4.40052,1.39495,1
4.41093,1.44952,4.6883,1.60494,4.32218,1.17048,4.6637,1.62685,4.29954,1.35402,4.56884,1.43251,4.77792,1.50023,4.63352,1.62915,4.53545,1.54674,4.38098,1.55544,1
4.3246,1.41598,4.35296,1.20616,4.19649,1.33672,4.51337,1.41548,4.83431,1.12003,4.44069,1.76218,4.44641,1.42703,4.49014,1.46799,4.62202,1.45526,4.57163,1.57121,1
4.28945,1.35621,4.35035,1.31891,4.368,1.31413,4.50848,1.26597,4.19843,1.09898,4.70368,1.64958,4.52653,1.47897,4.61204,1.37025,4.40473,1.67125,4.33211,1.39149,1
4.42224,1.33227,4.5553,1.83033,4.48002,1.65307,4.50649,1.6365,4.68643,1.49468,4.68031,1.59944,4.45827,1.35534,4.58877,1.68931,4.59423,1.35156,4.64653,1.37341,1
4.48896,1.4883,4.57381,1.58843,4.69995,1.61689,4.34317,1.50846,4.87138,1.15813,4.6955,1.51066,4.4246,1.47814,4.52565,1.7103,4.65182,1.53462,4.25804,1.34379,1
4.34989,1.39592,4.71553,1.75103,4.56993,1.63016,4.43353,1.50429,4.69114,1.55583,4.46513,1.70451,4.45671,1.27725,4.30998,1.21713,4.67068,1.61791,4.56963,1.56215,1
4.45556,1.16058,4.60885,1.58691,4.79071,1.52463,4.67094,1.69526,4.96819,1.00123,4.49741,1.61459,4.65879,1.56871,4.43619,1.32104,4.41635,1.53918,4.31649,1.36601,1
4.69619,1.5668,4.52312,1.51355,4.22541,1.34728,4.56248,1.29333,4.06081,1.48469,4.49957,1.31612,4.74931,1.70663,4.34382,1.37046,4.45524,1.66469,4.37261,1.43628,1
4.52787,1.60517,4.41416,1.37182,4.7442,1.53914,4.5741,1.76475,4.19691,1.73216,4.38116,1.36945,4.61608,1.64413,4.37098,1.43976,4.65673,1.6953,4.60618,1.70086,0
4.51604,1.44763,4.37623,1.35035,4.37847,1.30921,4.57241,1.64137,4.7735,1.03123,4.21348,1.30283,4.52581,1.82681,4.49405,1.36115,4.27712,1.43212,4.32353,1.43308,1
4.45822,1.53635,4.36678,1.47747,4.44956,1.56242,4.31356,1.44094,4.85219,1.97193,4.57808,1.69883,4.55048,1.6389,4.62773,1.48977,4.55477,1.58565,4.67516,1.55493,1
4.35914,1.56263,4.50403,1.22995,4.4346,1.44632,4.66488,1.51852,4.85008,1.44015,4.38457,1.21955,4.44614,1.73552,4.29759,1.25255,4.45781,1.39093,4.63671,1.58219,1
4.55739,1.23544,4.54032,1.60421,4.65558,1.63121,4.57052,1.54247,4.25858,1.14687,4.46587,1.48143,4.65947,1.51651,4.24396,1.56171,4.58205,1.35809,4.8506,1.55649,1
4.53272,1.71383,4.51501,1.50498,4.45869,1.56245,4.51284,1.5141,4.84107,1.6079,4.5545,1.53259,4.33541,1.29742,4.48561,1.56546,4.503,1.56323,4.37444,1.53978,1
4.61089,1.65475,4.49969,1.2264,4.62974,1.56054,4.57138,1.49515,4.48205,1.43992,4.53082,1.70783,4.2799,1.31174,4.37885,1.37844,4.61367,1.65668,4.39291,1.32998,1
4.4802,1.20347,4.5963,1.36644,4.53247,1.56998,4.64761,1.59627,4.85941,1.69763,4.65451,1.61768,4.43767,1.49236,4.83352,1.52847,4.47241,1.47174,4.22151,1.51755,1
4.64474,1.49748,4.45769,1.40715,4.48286,1.56474,4.57669,1.38084,4.95216,1.37763,4.34688,1.37084,4.49554,1.59103,4.42656,1.47506,4.3244,1.50258,4.74689,1.55652,0
4.54537,1.5432,4.50968,1.34396,4.37738,1.49942,4.40729,1.42375,4.07347,1.84392,4.4222,1.45694,4.34442,1.325,4.37053,1.52501,4.44728,1.77173,4.15885,1.32796,1
4.40734,1.26896,4.37991,1.45751,4.36934,1.45636,4.69907,1.53009,4.28747,1.45166,4.67666,1.61851,4.53447,1.48133,4.49179,1.22703,4.4941,1.47233,4.6044,1.69132,1
4.4287,1.54704,4.31832,1.53179,4.43101,1.20102,4.46055,1.47069,4.14903,1.87683,4.32365,1.39347,4.31596,1.35783,4.28189,1.44759,4.5189,1.67214,4.65411,1.62841,0
4.4262,1.63813,4.41226,1.62204,4.38174,1.29392,4.46078,1.61955,4.68567,1.63517,4.27835,1.51339,4.56432,1.67816,4.56497,1.76305,4.28241,1.32851,4.37108,1.4309,1
4.5585,1.42913,4.63508,1.53791,4.45426,1.49932,4.43414,1.28085,4.82808,1.59822,4.27201,1.2995,4.43763,1.52804,4.68529,1.36123,4.67943,1.33379,4.42772,1.46286,1
4.38507,1.42059,4.51698,1.73461,4.38184,1.24848,4.35776,1.47886,4.43596,1.02316,4.63738,1.60032,4.60665,1.72056,4.52501,1.41796,4.22532,1.53246,4.71659,1.59886,1
4.63404,1.64968,4.36191,1.3652,4.62196,1.60037,4.22864,1.49037,4.85776,1.01493,4.43111,1.53687,4.29786,1.34504,4.73053,1.63378,4.62003,1.44937,4.64004,1.62917,1
4.31992,1.46787,4.22936,1.27027,4.46909,1.67261,4.37373,1.4848,4.29779,1.92396,4.51129,1.54278,4.78578,1.6071,4.6332,1.52295,4.53901,1.38534,4.74812,1.60311,0
4.61471,1.51411,4.42577,1.38035,4.7141,1.6259,4.57281,1.3012,4.28572,1.92269,4.59224,1.71825,4.41082,1.53191,4.31721,1.09862,4.19869,1.32404,4.47413,1.228,0
4.44095,1.41548,4.38686,1.49668,4.40184,1.32533,4.33981,1.4986,4.99128,1.47578,4.62814,1.68567,4.27139,1.48047,4.64145,1.52399,4.3525,1.35304,4.77796,1.56489,0
4.31355,1.42807,4.65471,1.67976,4.57441,1.49127,4.67988,1.46022,4.82234,1.96361,4.52735,1.53414,4.67686,1.71394,4.47422,1.4519,4.49618,1.65738,4.7113,1.62218,0
4.55485,1.53056,4.46948,1.35115,4.64527,1.76709,4.35341,1.37983,4.38713,1.2725,4.54308,1.21299,4.18682,1.37019,4.31198,1.39433,4.29556,1.22651,4.67705,1.52233,1
4.33738,1.35215,4.55959,1.25614,4.47795,1.41651,4.44307,1.54349,4.85064,1.11459,4.39299,1.40035,4.55548,1.35154,4.58167,1.62531,4.4001,1.68973,4.41368,1.25017,1
4.62895,1.6071,4.5792,1.52491,4.45499,1.42282,4.54793,1.22375,4.08221,1.16676,4.62912,1.46988,4.14829,1.36704,4.72188,1.50878,4.6557,1.68262,4.63738,1.57476,1
4.4676,1.27802,4.43081,1.5171,4.41354,1.39209,4.38861,1.49923,4.59553,1.13278,4.57246,1.63085,4.35022,1.28329,4.7632,1.59136,4.36914,1.23063,4.41263,1.35838,1
4.28608,1.45029,4.696,1.45905,4.4141,1.30925,4.36131,1.38673,4.10215,1.89601,4.55888,1.30706,4.51814,1.60733,4.28904,1.50893,4.5473,1.61005,4.37031,1.49607,0
4.43505,1.21575,4.79903,1.75809,4.60445,1.52276,4.71815,1.67046,4.58851,1.22078,4.68265,1.614,4.31105,1.58836,4.40146,1.31019,4.33912,1.54416,4.49338,1.33349,1
4.43604,1.29952,4.60069,1.35185,4.41324,1.3968,4.569,1.65618,4.6372,1.23678,4.4382,1.7146,4.33523,1.36135,4.48225,1.461,4.44077,1.62967,4.44448,1.37962,1
4.60258,1.57935,4.50256,1.24477,4.5949,1.56255,4.70179,1.64113,4.28036,1.66216,4.51016,1.37032,4.71523,1.72617,4.42622,1.47197,4.50912,1.69353,4.4428,1.48418,1
4.70821,1.64013,4.62971,1.63563,4.55846,1.68866,4.65572,1.75029,4.6597,1.20287,4.55663,1.76208,4.5934,1.52848,4.32642,1.47105,4.41819,1.27674,4.43679,1.25689,1
4.66638,1.87461,4.59256,1.4237,4.23264,1.39183,4.57979,1.5838,4.48153,1.0222,4.27511,1.35613,4.47801,1.47184,4.53996,1.4671,4.41633,1.50302,4.30193,1.47235,1
4.39698,1.32701,4.57693,1.40381,4.35478,1.42895,4.45538,1.56988,4.67043,1.44462,4.63617,1.56763,4.55976,1.46399,4.35779,1.3222,4.55888,1.68839,4.47833,1.66768,1
4.33309,1.40149,4.61372,1.54833,4.60035,1.41348,4.56951,1.68679,4.05354,1.6917,4.32501,1.30213,4.37127,1.26852,4.64083,1.58401,4.53699,1.49043,4.43794,1.48101,1
4.4919,1.40892,4.32513,1.38308,4.59548,1.64336,4.39052,1.38307,4.48732,1.24707,4.41287,1.74956,4.67631,1.8253,4.71533,1.46905,4.46859,1.57737,4.40522,1.37674,1
4.56953,1.73918,4.41434,1.3702,4.46513,1.38433,4.36282,1.41355,4.69999,1.31109,4.76265,1.65421,4.50338,1.4795,4.64308,1.63381,4.53842,1.4414,4.46845,1.59267,1
4.30499,1.42668,4.39109,1.57385,4.49507,1.46069,4.55965,1.60722,4.04151,1.27694,4.41563,1.30591,4.67006,1.45089,4.63825,1.51334,4.73956,1.68009,4.7631,1.63129,1
4.46934,1.40792,4.39942,1.429,4.49362,1.33672,4.49812,1.23614,4.21032,1.27286,4.60522,1.67514,4.38599,1.53666,4.53346,1.58083,4.52676,1.47846,4.30955,1.46094,1
4.51644,1.34114,4.61361,1.5878,4.48629,1.48179,4.77272,1.56421,4.86557,1.32247,4.46941,1.61254,4.16585,1.36243,4.25084,1.37576,4.23222,1.51577,4.40023,1.24755,1
4.32518,1.33481,4.64675,1.71546,4.54876,1.60107,4.74253,1.55946,4.42072,1.53355,4.47187,1.56596,4.61845,1.7188,4.58885,1.7101,4.55008,1.55739,4.26345,1.24621,1
4.50767,1.65475,4.70105,1.65141,4.4769,1.16766,4.49919,1.44067,4.69701,1.47014,4.53987,1.62743,4.52212,1.60725,4.44219,1.28101,4.72364,1.58752,4.42167,1.52137,1
4.71736,1.62437,4.51011,1.37544,4.20352,1.37105,4.64284,1.53171,4.13426,1.50592,4.52475,1.8365,4.68343,1.74163,4.589,1.77469,4.50563,1.52956,4.48086,1.40715,0
4.42439,1.61438,4.68743,1.73578,4.13284,1.32366,4.31182,1.32451,4.47464,1.13244,4.69468,1.47242,4.37437,1.35693,4.70744,1.52958,4.44343,1.09855,4.65033,1.50371,1
4.58715,1.47519,4.50586,1.72618,4.25553,1.32134,4.40668,1.26156,4.45491,1.03964,4.21309,1.37033,4.57248,1.71888,4.41079,1.36845,4.70625,1.65964,4.51512,1.76,1
4.34652,1.32219,4.39727,1.37641,4.34506,1.44545,4.36686,1.6302,4.64338,1.04924,4.72956,1.65852,4.3008,1.27077,4.81778,1.67914,4.58564,1.6617,4.28742,1.5497,1
4.59002,1.53786,4.39357,1.30706,4.4146,1.40276,4.66042,1.56877,4.82052,1.32173,4.53458,1.28469,4.4137,1.33501,4.5779,1.48373,4.55417,1.56971,4.25961,1.33208,1
4.71806,1.56663,4.65925,1.57359,4.43443,1.42177,4.49532,1.31069,4.49858,1.45615,4.43895,1.22998,4.37956,1.31916,4.62253,1.53194,4.57318,1.37799,4.39052,1.65605,1
4.69477,1.48405,4.58417,1.55067,4.62567,1.66472,4.56693,1.51206,4.47778,1.24481,4.50909,1.59335,4.45973,1.30627,4.35418,1.49119,4.12052,1.4205,4.47467,1.53137,1
4.57354,1.6416,4.32497,1.3796,4.34711,1.28517,4.36885,1.53316,4.10171,1.96323,4.45302,1.40016,4.6022,1.50848,4.35012,1.40371,4.35385,1.42671,4.43906,1.31348,0
4.48107,1.63857,4.49656,1.43065,4.42625,1.35786,4.73047,1.5722,4.63175,1.43709,4.57306,1.40378,4.49235,1.48704,4.67418,1.66036,4.41729,1.31465,4.65491,1.59973,1
4.30432,1.36301,4.3978,1.57105,4.31011,1.20462,4.66084,1.55197,4.92854,1.47158,4.37888,1.46256,4.73354,1.52031,4.60794,1.67928,4.56044,1.36625,4.51304,1.39947,0
4.53403,1.43469,4.40319,1.65969,4.40952,1.57131,4.46424,1.45649,4.632,1.31799,4.4939,1.62368,4.23233,1.39965,4.50724,1.62559,4.29261,1.50897,4.30323,1.331,1
4.50329,1.27311,4.80568,1.53331,4.2879,1.34341,4.53862,1.4788,4.63972,1.27693,4.33529,1.48751,4.36467,1.15668,4.68651,1.72417,4.31388,1.43659,4.44658,1.51006,1
4.55055,1.56056,4.56277,1.44128,4.4704,1.68184,4.34897,1.41658,4.25333,1.49067,4.53361,1.31929,4.82074,1.68598,4.59694,1.76342,4.36795,1.29571,4.46314,1.66856,1
4.63036,1.71716,4.50312,1.49106,4.55992,1.7287,4.36145,1.25554,4.92039,1.03786,4.3971,1.44798,4.57329,1.15994,4.57213,1.38474,4.26234,1.40411,4.44473,1.42872,1
4.61197,1.69454,4.76832,1.65652,4.30077,1.38726,4.48217,1.53099,4.2443,1.15769,4.70015,1.40032,4.20383,1.359,4.48495,1.60689,4.71723,1.46394,4.27052,1.53999,1
4.36373,1.5428,4.38081,1.3835,4.37213,1.46595,4.4972,1.58325,4.01524,1.57542,4.43952,1.49375,4.63617,1.44421,4.50367,1.44629,4.61357,1.65828,4.5077,1.58968,1
4.5054,1.28566,4.42212,1.50278,4.34025,1.35643,4.5149,1.5637,4.68548,1.3796,4.43419,1.33107,4.55791,1.70599,4.6663,1.76248,4.58948,1.69551,4.61438,1.49246,1
4.45432,1.47462,4.44102,1.49957,4.32521,1.30324,4.6347,1.57233,4.31456,1.19049,4.45448,1.59118,4.69032,1.58706,4.33401,1.50731,4.41659,1.3828,4.72443,1.67166,1
4.3894,1.35921,4.61608,1.48519,4.50375,1.54832,4.41469,1.28191,4.61353,1.59151,4.42224,1.28132,4.49878,1.64406,4.59556,1.54493,4.40231,1.42219,4.39373,1.29618,1
4.63794,1.55168,4.25254,1.38113,4.59871,1.48023,4.68649,1.64514,4.98099,1.07011,4.63638,1.6226,4.22788,1.35451,4.71368,1.56527,4.39014,1.42055,4.39299,1.40242,1
4.19437,1.28475,4.50311,1.62692,4.64266,1.49217,4.68908,1.67257,4.01089,1.34372,4.34113,1.29802,4.22527,1.43332,4.40454,1.40945,4.32841,1.52536,4.3665,1.335,1
4.69985,1.38563,4.93736,1.58467,4.50038,1.42322,4.29651,1.3815,4.66405,1.92072,4.40901,1.32724,4.73284,1.37011,4.46368,1.69888,4.55491,1.45639,4.80405,1.70506,1
4.42055,1.36837,4.5045,1.59574,4.45206,1.31739,4.23985,1.2622,4.90487,1.84717,4.15639,1.35485,4.71488,1.62257,4.54514,1.5011,4.32316,1.42704,4.37136,1.47613,0
4.52687,1.4384,4.51794,1.62533,4.67295,1.72714,4.48878,1.33953,4.11776,1.16913,4.41013,1.45334,4.62607,1.51981,4.6749,1.72428,4.67121,1.61658,4.20581,1.46968,1
4.59336,1.21265,4.41467,1.4777,4.30826,1.50175,4.52997,1.77105,4.25902,1.81997,4.42928,1.29677,4.71186,1.54632,4.73302,1.43333,4.61592,1.62123,4.43991,1.47667,1
4.34978,1.40649,4.4187,1.42879,4.57968,1.51274,4.39815,1.28537,4.45171,1.22301,4.4086,1.54167,4.33708,1.50542,4.53194,1.66203,4.37869,1.62428,4.43533,1.47701,1
4.5279,1.30781,4.43561,1.35941,4.42501,1.35643,4.51823,1.37026,4.90697,1.17431,4.34063,1.36538,4.42332,1.45972,4.37669,1.3645,4.41096,1.40055,4.39195,1.27898,1
4.50566,1.56134,4.602,1.68071,4.54489,1.38084,4.45942,1.54481,4.89589,1.04091,4.58107,1.37885,4.40288,1.36684,4.6676,1.55166,4.61026,1.66593,4.39964,1.36075,1
4.70115,1.67015,4.50173,1.78599,4.41683,1.43531,4.58133,1.662,4.25624,1.01364,4.55508,1.72477,4.61092,1.69997,4.5109,1.67805,4.14671,1.29911,4.43996,1.53248,1
4.6866,1.49337,4.5009,1.2853,4.31855,1.4941,4.60305,1.67246,4.21004,1.28243,4.68552,1.37627,4.42476,1.17765,4.74026,1.52255,4.63958,1.73644,4.46845,1.60914,1
4.70628,1.54387,4.61267,1.41534,4.50533,1.75456,4.38844,1.33856,4.25315,1.40095,4.41903,1.32875,4.61647,1.6788,4.29784,1.34953,4.30942,1.487,4.41255,1.50058,1
4.47057,1.50984,4.32928,1.47898,4.56182,1.65946,4.35565,1.54289,4.23505,1.00594,4.81198,1.42428,4.31214,1.34002,4.57682,1.46137,4.14214,1.5031,4.33202,1.31766,1
4.45014,1.32495,4.47515,1.50834,4.51374,1.51063,4.77527,1.70524,4.58937,1.07579,4.53129,1.55181,4.48058,1.53768,4.4186,1.39281,4.35493,1.4132,4.43682,1.5485,1
4.41993,1.49407,4.49401,1.51216,4.4382,1.40519,4.56697,1.60768,4.42603,1.33511,4.39597,1.42496,4.38545,1.45582,4.77313,1.65895,4.29331,1.42842,4.31506,1.1522,1
4.33166,1.44775,4.37825,1.34002,4.42077,1.45952,4.39819,1.46795,4.14665,1.77217,4.50052,1.43834,4.42654,1.39013,4.29443,1.38507,4.4974,1.47205,4.59475,1.75755,0
4.55493,1.4741,4.46583,1.53276,4.41383,1.32966,4.52748,1.33332,4.63662,1.48307,4.32884,1.41598,4.41944,1.4137,4.43873,1.51,4.62136,1.55405,4.56731,1.75231,1
4.64607,1.64766,4.57602,1.67392,4.57539,1.77997,4.70759,1.54042,4.17158,1.1057,4.7245,1.47308,4.502,1.67458,4.35221,1.27798,4.4731,1.59676,4.61387,1.73696,1
4.58551,1.49113,4.55135,1.42207,4.5522,1.43938,4.87401,1.52807,4.06317,1.04077,4.30189,1.17177,4.34278,1.16287,4.58814,1.57007,4.59723,1.56969,4.66372,1.61384,1
4.36621,1.44972,4.43183,1.33432,4.42983,1.34413,4.6201,1.6122,4.1868,1.17493,4.34881,1.52421,4.41807,1.30536,4.50214,1.39251,4.6485,1.60175,4.7561,1.81135,1
4.34469,1.31466,4.57387,1.41792,4.63983,1.6978,4.54446,1.71663,4.60943,1.42546,4.38831,1.4971,4.54408,1.78069,4.46323,1.55143,4.41267,1.41245,4.75355,1.49344,1
4.65458,1.3909,4.60792,1.59571,4.57789,1.5461,4.43334,1.3363,4.25379,1.24604,4.74971,1.83585,4.55253,1.36535,4.27035,1.58944,4.46287,1.64775,4.48664,1.61727,1
4.51491,1.5276,4.29813,1.4344,4.4092,1.42876,4.51432,1.14303,4.50871,1.87544,4.53938,1.57523,4.6797,1.52079,4.45506,1.59703,4.51243,1.51479,4.6319,1.55307,0
4.49495,1.53815,4.58525,1.70267,4.47232,1.38633,4.5302,1.72115,4.44654,1.04431,4.62952,1.68887,4.5031,1.47691,4.23281,1.53876,4.47856,1.30446,4.44275,1.4958,1
4.31953,1.33901,4.68906,1.60426,4.69072,1.76453,4.66918,1.65663,4.86759,1.63334,4.44073,1.39273,4.63227,1.86394,4.27379,1.3068,4.24981,1.41445,4.58447,1.6732,1
4.65696,1.74416,4.50913,1.61586,4.55958,1.57692,4.48739,1.29122,4.84185,1.501,4.53894,1.50109,4.57145,1.35954,4.45049,1.38031,4.55197,1.653,4.79579,1.73087,1
4.71718,1.62682,4.54968,1.56388,4.5327,1.66361,4.39121,1.38045,4.08366,1.35056,4.67332,1.47993,4.63238,1.45623,4.40209,1.61805,4.62582,1.53024,4.46922,1.81104,1
4.62357,1.62611,4.34556,1.64332,4.53822,1.55959,4.4649,1.46072,4.37643,1.98573,4.7782,1.56482,4.60376,1.48696,4.37511,1.28322,4.48358,1.40747,4.53428,1.73663,0
4.40376,1.247,4.57026,1.60617,4.70192,1.68595,4.56603,1.62909,4.03086,1.35756,4.81734,1.7502,4.57329,1.76453,4.44784,1.23295,4.5602,1.37842,4.37708,1.34844,1
4.39269,1.25137,4.69336,1.77453,4.64447,1.50834,4.49518,1.22973,4.81255,1.47739,4.70435,1.72365,4.5321,1.26536,4.53932,1.31794,4.38641,1.41205,4.51772,1.51938,1
4.3684,1.52859,4.70898,1.60121,4.44262,1.47787,4.4483,1.66763,4.02253,1.60055,4.46559,1.87535,4.58613,1.61819,4.51201,1.50349,4.29153,1.28419,4.48511,1.5206,1
4.62093,1.3359,4.54854,1.28848,4.5362,1.37776,4.7445,1.46781,4.09754,1.0433,4.57122,1.6124,4.50265,1.61088,4.30608,1.4726,4.33383,1.21128,4.66554,1.5687,1
4.64127,1.54275,4.1806,1.32301,4.29335,1.43888,4.40912,1.48711,4.23834,1.81449,4.56363,1.35561,4.65421,1.59397,4.41804,1.43373,4.74899,1.61579,4.55322,1.66284,1
4.68277,1.50699,4.36614,1.40371,4.3525,1.49452,4.60094,1.78537,4.82019,1.04973,4.49126,1.28328,4.53172,1.76038,4.56468,1.46577,4.33129,1.45031,4.40467,1.62162,1
4.58691,1.70653,4.62749,1.72018,4.36326,1.58326,4.61126,1.69223,4.07246,1.11406,4.34874,1.41517,4.52538,1.3622,4.63821,1.67626,4.49237,1.22631,4.52736,1.32047,1
4.55667,1.74032,4.34774,1.20137,4.36998,1.89055,4.60413,1.54178,4.04303,1.1026,4.29163,1.43187,4.52317,1.66007,4.41734,1.76949,4.51588,1.68658,4.41955,1.46055,1
4.43108,1.32482,4.40531,1.5451,4.40723,1.5232,4.47753,1.70094,4.76875,1.85295,4.62011,1.55647,4.55446,1.58974,4.51239,1.25956,4.45832,1.69421,4.40554,1.31224,0
4.61723,1.66638,4.67977,1.48958,4.46914,1.51074,4.67096,1.67459,4.88894,1.19949,4.77615,1.5695,4.63349,1.72785,4.73031,1.63507,4.56895,1.67161,4.35338,1.47899,1
4.42335,1.52262,4.46223,1.39218,4.5926,1.59028,4.52217,1.64231,4.6611,1.59436,4.50355,1.55666,4.77373,1.52194,4.57018,1.45949,4.55043,1.39322,4.29852,1.27665,1
4.51198,1.29333,4.39938,1.29523,4.77516,1.4792,4.55528,1.59306,4.35648,1.60009,4.66642,1.49496,4.54798,1.38344,4.50314,1.42781,4.50128,1.35955,4.27891,1.6031,0
4.60802,1.40496,4.4179,1.31177,4.78845,1.53591,4.39296,1.43546,4.62627,1.60368,4.39431,1.50422,4.64316,1.53359,4.46624,1.60624,4.47258,1.59708,4.42613,1.48842,1
4.42065,1.33346,4.50392,1.24073,4.45392,1.47579,4.39569,1.5375,4.39839,1.16906,4.674,1.57698,4.20663,1.37394,4.23382,1.32563,4.59818,1.61293,4.26644,1.35276,1
4.58726,1.53519,4.51329,1.79073,4.34951,1.33443,4.6313,1.57323,4.87036,1.31156,4.65246,1.48034,4.85008,1.34695,4.2774,1.34301,4.39595,1.12095,4.65287,1.81107,1
4.35438,1.33186,4.39508,1.37741,4.39666,1.61352,4.5895,1.44113,4.8386,1.70939,4.28919,1.54273,4.47883,1.4277,4.41758,1.65578,4.56703,1.59922,4.48848,1.51481,1
4.5205,1.4129,4.46647,1.27951,4.63616,1.61669,4.56323,1.41013,4.30374,1.98256,4.44001,1.18039,4.37106,1.4973,4.68607,1.76156,4.44531,1.28296,4.64165,1.44108,0
4.43638,1.26172,4.4091,1.3865,4.31707,1.67898,4.6357,1.64417,4.09979,1.34945,4.51295,1.68591,4.4588,1.48389,4.57323,1.5949,4.43986,1.50336,4.36635,1.47434,1
4.63377,1.53156,4.47026,1.55318,4.42551,1.30847,4.24447,1.36505,4.46763,1.44996,4.62927,1.50525,4.4033,1.34074,4.47443,1.40155,4.39305,1.43143,4.68767,1.65239,1
4.39544,1.47673,4.36295,1.29145,4.47111,1.42226,4.60696,1.65445,4.87639,1.02828,4.24364,1.30522,4.45634,1.43411,4.48318,1.3508,4.33097,1.54782,4.53306,1.48029,1
4.37604,1.23386,4.59491,1.58091,4.58664,1.49977,4.35637,1.40108,4.54532,1.96936,4.43223,1.40641,4.51353,1.62006,4.32694,1.35573,4.57244,1.57459,4.56182,1.40596,0
4.31178,1.4709,4.30851,1.63139,4.73036,1.68312,4.46257,1.51897,4.05478,1.44544,4.61723,1.77283,4.49001,1.55378,4.75165,1.64764,4.33144,1.31131,4.40844,1.30565,1
4.40913,1.46459,4.55061,1.56244,4.19599,1.33457,4.51799,1.64687,4.26002,1.89338,4.48918,1.76166,4.65799,1.70327,4.33933,1.5714,4.51035,1.67054,4.32311,1.42357,1
4.63744,1.74841,4.31731,1.51871,4.13894,1.4232,4.43581,1.45105,4.24247,1.27565,4.47558,1.20544,4.45747,1.34773,4.65527,1.55765,4.51781,1.38828,4.26864,1.50368,1
4.46081,1.32225,4.37906,1.46789,4.76941,1.54729,4.58026,1.66829,4.47783,1.11886,4.49205,1.58335,4.39527,1.31085,4.7241,1.54163,4.36671,1.47221,4.6688,1.41373,1
4.40068,1.3997,4.4106,1.33399,4.72497,1.36296,4.42734,1.25617,4.64943,1.84473,4.47403,1.63383,4.64052,1.50132,4.60588,1.63673,4.46746,1.21947,4.33323,1.40429,1
4.39223,1.66266,4.58203,1.57871,4.52963,1.6263,4.76075,1.44225,4.8721,1.84427,4.7074,1.62466,4.71081,1.67572,4.36839,1.23409,4.36635,1.37257,4.52645,1.38938,1
4.65063,1.57939,4.42992,1.40449,4.70591,1.62336,4.39128,1.43128,4.95577,1.34997,4.37523,1.33974,4.47404,1.49079,4.4507,1.43563,4.69056,1.4134,4.4678,1.51383,0
4.52742,1.36717,4.55373,1.36273,4.46796,1.48226,4.53186,1.56554,4.50424,1.02003,4.82438,1.59428,4.24721,1.42746,4.55303,1.41029,4.51663,1.37753,4.42084,1.52891,1
4.41902,1.55931,4.68116,1.65928,4.43783,1.34278,4.30203,1.45697,4.84983,1.82866,4.67361,1.55256,4.53397,1.64608,4.3922,1.48636,4.57517,1.47294,4.31645,1.36127,1
4.32341,1.21448,4.2278,1.48634,4.75173,1.62964,4.27381,1.57727,4.91819,1.12388,4.43209,1.55934,4.54251,1.4599,4.61264,1.64356,4.20563,1.43234,4.60549,1.5871,1
4.51874,1.79335,4.396,1.61415,4.61307,1.61575,4.78139,1.66545,4.52206,1.89381,4.34239,1.43938,4.66973,1.71665,4.69448,1.71355,4.62852,1.45076,4.68814,1.47956,0
4.70256,1.53532,4.31254,1.24145,4.45496,1.7051,4.68283,1.54502,4.72552,1.39415,4.56332,1.62514,4.63994,1.51889,4.66046,1.63672,4.40368,1.50183,4.51609,1.5405,0
4.6865,1.68981,4.46752,1.39937,4.54159,1.52105,4.55083,1.47643,4.69014,1.48534,4.34513,1.31822,4.60748,1.48688,4.47531,1.26671,4.49775,1.61856,4.42445,1.46859,1
4.41116,1.52407,4.7271,1.61308,4.5692,1.33395,4.43186,1.40699,4.90859,1.83552,4.56943,1.28998,4.8716,1.52531,4.69164,1.6444,4.45245,1.28215,4.71905,1.62085,0
4.52752,1.44304,4.52594,1.45489,4.67439,1.48811,4.31951,1.51658,4.06888,1.66189,4.56528,1.5898,4.66283,1.55191,4.5089,1.28695,4.65849,1.61425,4.77791,1.53821,1
4.49843,1.42406,4.37224,1.40199,4.43878,1.5167,4.7413,1.52872,4.27468,1.28447,4.60406,1.6257,4.55475,1.73003,4.49549,1.60868,4.75427,1.68412,4.4397,1.80503,1
4.59493,1.63916,4.50135,1.58432,4.49628,1.5121,4.63155,1.40482,4.18627,1.99042,4.41478,1.34926,4.60377,1.51193,4.36889,1.25282,4.37188,1.60074,4.467,1.46142,0
4.42336,1.44904,4.60919,1.62048,4.42077,1.33652,4.64593,1.54977,4.47025,1.25931,4.56764,1.4429,4.65634,1.69679,4.30066,1.41657,4.45778,1.29411,4.48233,1.35478,1
4.66735,1.49856,4.6394,1.63205,4.36848,1.37564,4.53596,1.66675,4.63707,1.2187,4.51642,1.43013,4.47993,1.68829,4.66764,1.63365,4.36682,1.36207,4.58049,1.65544,1
4.74939,1.4502,4.66096,1.60703,4.60091,1.63215,4.54294,1.60408,4.87657,1.27298,4.39889,1.37113,4.36568,1.52131,4.46071,1.3244,4.59259,1.56052,4.66876,1.71728,1
4.47886,1.54213,4.67434,1.79514,4.39092,1.19953,4.50896,1.27957,4.02314,1.81648,4.45056,1.5415,4.51334,1.5233,4.80029,1.49993,4.41326,1.36542,4.69102,1.70919,1
4.76746,1.44691,4.83461,1.63158,4.54943,1.58061,4.64744,1.47768,4.8535,1.16529,4.15358,1.3996,4.47413,1.31604,4.71421,1.50576,4.5665,1.58945,4.52779,1.68601,1
4.70769,1.53125,4.62681,1.74668,4.5745,1.77612,4.52224,1.66551,4.24874,1.9544,4.47634,1.33204,4.67327,1.53891,4.59188,1.68613,4.74386,1.65015,4.46629,1.74144,1
4.43588,1.52544,4.2338,1.34809,4.48899,1.27949,4.42997,1.43059,4.46757,1.88411,4.33317,1.42673,4.65707,1.57506,4.60755,1.15649,4.61629,1.66802,4.25383,1.32099,1
4.67017,1.77043,4.36957,1.36791,4.37692,1.58679,4.49891,1.35447,4.468,1.4907,4.58724,1.52515,4.53317,1.69433,4.29091,1.1237,4.74547,1.47294,4.62907,1.55934,1
4.58308,1.52805,4.30725,1.21657,4.39424,1.34,4.70198,1.44139,4.70059,1.47647,4.72577,1.64794,4.59704,1.67284,4.3663,1.32767,4.41074,1.37,4.40322,1.54202,1
4.4726,1.5054,4.41096,1.5873,4.36573,1.22741,4.56614,1.47821,4.67122,1.66783,4.74929,1.6288,4.63018,1.65576,4.85619,1.61118,4.56294,1.29239,4.64437,1.68339,1
4.53038,1.53107,4.34016,1.3742,4.24786,1.21419,4.80873,1.52199,4.62916,1.10417,4.68427,1.5616,4.63833,1.52897,4.59501,1.69676,4.54543,1.52911,4.47972,1.32075,1
4.62109,1.3511,4.63846,1.4811,4.57897,1.4847,4.41953,1.23888,4.18754,1.30285,4.86243,1.55341,4.48845,1.31525,4.30619,1.09974,4.65997,1.67053,4.38605,1.46324,1
4.64838,1.51154,4.63234,1.39633,4.56887,1.25589,4.33748,1.43564,4.38523,1.01331,4.47305,1.375,4.65523,1.55222,4.58401,1.6198,4.42749,1.50775,4.22482,1.45825,1
4.33961,1.57413,4.68885,1.62302,4.62654,1.67085,4.3891,1.33397,4.40843,1.60368,4.45005,1.43928,4.53116,1.30056,4.7592,1.34682,4.40629,1.5162,4.3127,1.37127,1
4.36603,1.55286,4.54985,1.5561,4.39887,1.45423,4.53985,1.47461,4.68269,1.8477,4.41173,1.34681,4.36667,1.51853,4.56021,1.40818,4.26685,1.46683,4.56714,1.53352,0
4.57205,1.80244,4.73406,1.69716,4.49249,1.59104,4.53414,1.4615,4.5221,1.05096,4.53473,1.4319,4.51232,1.61507,4.5172,1.59092,4.56771,1.58349,4.64004,1.53677,1
4.27755,1.50608,4.66299,1.68052,4.52369,1.56822,4.35105,1.39784,4.12846,1.05393,4.37825,1.4336,4.44946,1.55651,4.67842,1.60756,4.58771,1.57443,4.57966,1.77313,1
4.66456,1.58082,4.34452,1.53976,4.30995,1.39757,4.25144,1.43074,4.87468,1.53689,4.17518,1.27274,4.55935,1.73158,4.4955,1.48403,4.66974,1.63821,4.34529,1.37707,1
4.47172,1.45322,4.42341,1.65288,4.4998,1.72644,4.60601,1.47603,4.6576,1.24895,4.34725,1.3121,4.43275,1.3904,4.45504,1.41934,4.35125,1.34051,4.35304,1.31424,1
4.50071,1.41353,4.55537,1.6318,4.47114,1.36256,4.49515,1.36693,4.57846,1.00184,4.56727,1.74198,4.63434,1.68166,4.61876,1.49829,4.5335,1.33257,4.54084,1.46078,1
4.48353,1.40148,4.35091,1.20788,4.63519,1.57192,4.64198,1.71095,4.63234,1.28126,4.33002,1.32099,4.32986,1.59284,4.50778,1.64626,4.40003,1.34453,4.4988,1.48837,1
4.62688,1.57424,4.58256,1.50941,4.61229,1.59704,4.36837,1.38065,4.63539,1.70778,4.46323,1.55617,4.70841,1.63525,4.64164,1.70656,4.48154,1.61395,4.39401,1.32563,1
4.40716,1.52248,4.58462,1.4521,4.77725,1.45478,4.43575,1.54122,4.16901,1.3208,4.5519,1.41313,4.66201,1.53627,4.45981,1.31107,4.56007,1.37554,4.50057,1.39156,0
